Incident energy 	 
Incident energy 	 
Incident energy 	 σ(E)
1843139.0 	 0.0
1843400.0 	 0.036156
1843410.0 	 0.03684732
1843900.0 	 0.070722
1844440.0 	 0.08073462
1845480.0 	 0.1000182
1846510.0 	 0.1191163
1847550.0 	 0.1383999
1848580.0 	 0.157498
1849620.0 	 0.1767816
1850660.0 	 0.1960651
1851700.0 	 0.2153487
1852740.0 	 0.2346323
1853780.0 	 0.2539158
1854820.0 	 0.2731994
1855860.0 	 0.2924829
1856900.0 	 0.3117665
1857700.0 	 0.3266
1857950.0 	 0.3239115
1858990.0 	 0.3127275
1860040.0 	 0.301436
1861080.0 	 0.290252
1862130.0 	 0.2789605
1862900.0 	 0.27068
1863530.0 	 0.2522396
1865280.0 	 0.2010163
1867300.0 	 0.14189
1868780.0 	 0.1372974
1870540.0 	 0.1318358
1874060.0 	 0.1209128
1875820.0 	 0.1154513
1877590.0 	 0.1099587
1879360.0 	 0.1044662
1881130.0 	 0.09897364
1882910.0 	 0.09345006
1884680.0 	 0.08795751
1886460.0 	 0.08243393
1888240.0 	 0.07691035
1890030.0 	 0.07135573
1891820.0 	 0.06580112
1893610.0 	 0.06024651
1897190.0 	 0.04913729
1897600.0 	 0.047865
1898990.0 	 0.05467573
1900790.0 	 0.06349539
1902800.0 	 0.073344
1903310.0 	 0.08017509
1904400.0 	 0.09477486
1905480.0 	 0.1092407
1906560.0 	 0.1237065
1907650.0 	 0.1383063
1908740.0 	 0.1529061
1909830.0 	 0.1675058
1910910.0 	 0.1819717
1912000.0 	 0.1965714
1913090.0 	 0.2111712
1914370.0 	 0.2283159
1915830.0 	 0.2478715
1917280.0 	 0.2672933
1918740.0 	 0.2868489
1920210.0 	 0.3065385
1921000.0 	 0.31712
1921670.0 	 0.3134812
1923140.0 	 0.3054977
1924600.0 	 0.2975685
1925700.0 	 0.2915944
1926440.0 	 0.2875755
1927170.0 	 0.2836109
1927910.0 	 0.279592
1928650.0 	 0.2755731
1929380.0 	 0.2716084
1930120.0 	 0.2675895
1930860.0 	 0.2635706
1931590.0 	 0.259606
1932330.0 	 0.2555871
1933070.0 	 0.2515682
1935100.0 	 0.2405433
1936960.0 	 0.2304417
1938810.0 	 0.2203944
1942530.0 	 0.2001911
1943600.0 	 0.19438
1944390.0 	 0.1942181
1946250.0 	 0.193837
1948120.0 	 0.1934539
1949990.0 	 0.1930707
1951860.0 	 0.1926876
1953740.0 	 0.1923024
1955620.0 	 0.1919172
1959380.0 	 0.1911468
1961080.0 	 0.1907984
1962590.0 	 0.190489
1964100.0 	 0.1901797
1965620.0 	 0.1898682
1967130.0 	 0.1895588
1968650.0 	 0.1892474
1970170.0 	 0.1889359
1971690.0 	 0.1886245
1972200.0 	 0.18852
1973210.0 	 0.1849939
1974740.0 	 0.1796523
1976260.0 	 0.1743456
1977790.0 	 0.169004
1979320.0 	 0.1636624
1980860.0 	 0.1582859
1982390.0 	 0.1529443
1983920.0 	 0.1476027
1985460.0 	 0.1422262
1986620.0 	 0.1381764
1987390.0 	 0.1354881
1988160.0 	 0.1327999
1988930.0 	 0.1301116
1989700.0 	 0.1274234
1990470.0 	 0.1247351
1991240.0 	 0.1220469
1992020.0 	 0.1193237
1992790.0 	 0.1166355
1993560.0 	 0.1139472
1994340.0 	 0.1112241
1995110.0 	 0.1085358
1997300.0 	 0.10089
1999180.0 	 0.09986018
2000000.0 	 0.099411
2001130.0 	 0.09889113
2003080.0 	 0.09799401
2005030.0 	 0.09709689
2006980.0 	 0.09619977
2008930.0 	 0.09530266
2010890.0 	 0.09440094
2012850.0 	 0.09349922
2014820.0 	 0.0925929
2016780.0 	 0.09169118
2018750.0 	 0.09078486
2020730.0 	 0.08987394
2022700.0 	 0.08896762
2024680.0 	 0.0880567
2026660.0 	 0.08714577
2028650.0 	 0.08623025
2030630.0 	 0.08531933
2032620.0 	 0.08440381
2032800.0 	 0.084321
2034620.0 	 0.09187665
2036610.0 	 0.100138
2038010.0 	 0.1059501
2038810.0 	 0.1092712
2039610.0 	 0.1125924
2040410.0 	 0.1159136
2041220.0 	 0.1192762
2042020.0 	 0.1225974
2042820.0 	 0.1259186
2043620.0 	 0.1292397
2044430.0 	 0.1326024
2045230.0 	 0.1359236
2046440.0 	 0.1409468
2048050.0 	 0.1476307
2049300.0 	 0.15282
2051280.0 	 0.1923108
2052890.0 	 0.2244219
2054510.0 	 0.2567326
2056130.0 	 0.2890432
2057350.0 	 0.3133759
2058000.0 	 0.32634
2058160.0 	 0.3284632
2058970.0 	 0.3392119
2059780.0 	 0.3499606
2060600.0 	 0.360842
2061410.0 	 0.3715907
2062220.0 	 0.3823394
2063040.0 	 0.3932208
2063850.0 	 0.4039695
2064000.0 	 0.40596
2064670.0 	 0.3898921
2065480.0 	 0.3704667
2066300.0 	 0.3508015
2067520.0 	 0.3215435
2069160.0 	 0.282213
2070100.0 	 0.25967
2070800.0 	 0.25152
2072440.0 	 0.2324257
2073600.0 	 0.21892
2074080.0 	 0.2261244
2075720.0 	 0.2507396
2077370.0 	 0.2755048
2079020.0 	 0.30027
2080250.0 	 0.3187314
2081900.0 	 0.3434966
2082730.0 	 0.3559543
2083560.0 	 0.3684119
2084380.0 	 0.3807195
2085210.0 	 0.3931772
2086040.0 	 0.4056348
2086600.0 	 0.41404
2086870.0 	 0.412862
2087700.0 	 0.4092409
2088530.0 	 0.4056198
2089360.0 	 0.4019986
2090190.0 	 0.3983775
2091020.0 	 0.3947563
2091850.0 	 0.3911352
2092680.0 	 0.3875141
2093510.0 	 0.3838929
2094350.0 	 0.3802281
2094400.0 	 0.38001
2095180.0 	 0.3393393
2096010.0 	 0.2960616
2097270.0 	 0.2303629
2098700.0 	 0.1558
2098940.0 	 0.1533368
2100000.0 	 0.1424579
2100610.0 	 0.1361973
2102290.0 	 0.1189552
2105600.0 	 0.084984
2105640.0 	 0.08591278
2107320.0 	 0.1249213
2109010.0 	 0.1641621
2110270.0 	 0.1934185
2111110.0 	 0.2129228
2111960.0 	 0.2326592
2113640.0 	 0.2716678
2114490.0 	 0.2914042
2115200.0 	 0.30789
2115340.0 	 0.3088238
2116180.0 	 0.3144266
2117030.0 	 0.3200961
2117880.0 	 0.3257656
2118720.0 	 0.3313684
2119570.0 	 0.3370379
2120420.0 	 0.3427074
2121200.0 	 0.34791
2121270.0 	 0.346606
2122120.0 	 0.3307718
2123820.0 	 0.2991034
2124670.0 	 0.2832692
2125740.0 	 0.2633368
2127010.0 	 0.2396786
2128290.0 	 0.2158342
2130000.0 	 0.1839795
2132140.0 	 0.1441146
2134200.0 	 0.10574
2134280.0 	 0.1057654
2136430.0 	 0.1064472
2138580.0 	 0.107129
2140730.0 	 0.1078109
2142880.0 	 0.1084927
2145040.0 	 0.1091777
2147200.0 	 0.1098627
2149360.0 	 0.1105477
2153700.0 	 0.1119241
2155880.0 	 0.1126154
2158050.0 	 0.1133036
2160230.0 	 0.113995
2162420.0 	 0.1146895
2162800.0 	 0.11481
2164610.0 	 0.124935
2166360.0 	 0.1347244
2167670.0 	 0.1420525
2168990.0 	 0.1494365
2170310.0 	 0.1568205
2171630.0 	 0.1642045
2172950.0 	 0.1715885
2174270.0 	 0.1789725
2175590.0 	 0.1863565
2176920.0 	 0.1937964
2178240.0 	 0.2011804
2179300.0 	 0.20711
2179570.0 	 0.2067017
2181340.0 	 0.2040252
2185780.0 	 0.1973111
2188000.0 	 0.193954
2190220.0 	 0.190597
2192450.0 	 0.1872248
2194690.0 	 0.1838376
2194900.0 	 0.18352
2196920.0 	 0.1931091
2200000.0 	 0.20773
2201410.0 	 0.2146875
2203650.0 	 0.2257407
2205900.0 	 0.2368431
2208160.0 	 0.2479949
2210420.0 	 0.2591467
2212200.0 	 0.26793
2212680.0 	 0.285834
2214940.0 	 0.370132
2216600.0 	 0.43205
2217210.0 	 0.4537981
2219030.0 	 0.5186857
2220390.0 	 0.5671732
2223120.0 	 0.6645047
2224400.0 	 0.71014
2224490.0 	 0.7092243
2225860.0 	 0.6952845
2227230.0 	 0.6813448
2228600.0 	 0.667405
2229600.0 	 0.65723
2229970.0 	 0.6347254
2231350.0 	 0.5507892
2232720.0 	 0.4674612
2234100.0 	 0.383525
2235480.0 	 0.2995888
2235600.0 	 0.29229
2236860.0 	 0.2830376
2240080.0 	 0.2593926
2242390.0 	 0.2424299
2247010.0 	 0.2085045
2249330.0 	 0.1914683
2249500.0 	 0.19022
2250000.0 	 0.1928721
2251650.0 	 0.2016241
2253970.0 	 0.2139298
2256300.0 	 0.2262886
2258630.0 	 0.2386474
2259000.0 	 0.24061
2260970.0 	 0.3016759
2263300.0 	 0.373901
2265650.0 	 0.4467461
2267990.0 	 0.5192813
2268600.0 	 0.53819
2270340.0 	 0.6120543
2272700.0 	 0.712238
2275500.0 	 0.8311
2277410.0 	 0.8027341
2279780.0 	 0.7675365
2282150.0 	 0.732339
2283300.0 	 0.71526
2284520.0 	 0.6762945
2286890.0 	 0.6005992
2289270.0 	 0.5245845
2291660.0 	 0.4482504
2292800.0 	 0.41184
2294040.0 	 0.395287
2296430.0 	 0.3633825
2298830.0 	 0.3313444
2301230.0 	 0.2993064
2303630.0 	 0.2672684
2305000.0 	 0.24898
2306030.0 	 0.2493222
2308440.0 	 0.2501228
2310860.0 	 0.2509267
2313270.0 	 0.2517273
2315690.0 	 0.2525312
2318120.0 	 0.2533384
2320550.0 	 0.2541457
2322980.0 	 0.2549529
2325410.0 	 0.2557601
2327850.0 	 0.2565707
2330300.0 	 0.2573846
2331400.0 	 0.25775
2332740.0 	 0.264365
2335190.0 	 0.2764595
2337400.0 	 0.2873693
2339370.0 	 0.2970943
2341340.0 	 0.3068193
2343310.0 	 0.3165443
2345290.0 	 0.3263186
2347260.0 	 0.3360436
2349240.0 	 0.345818
2351220.0 	 0.3555923
2355190.0 	 0.3751904
2356300.0 	 0.38067
2357180.0 	 0.3976022
2359170.0 	 0.4358921
2361170.0 	 0.4743743
2363160.0 	 0.5126642
2365160.0 	 0.5511465
2366670.0 	 0.5802006
2367670.0 	 0.5994417
2368670.0 	 0.6186828
2369670.0 	 0.637924
2370400.0 	 0.65197
2370680.0 	 0.6510925
2371680.0 	 0.6479587
2372680.0 	 0.6448248
2373690.0 	 0.6416596
2374700.0 	 0.6384945
2375700.0 	 0.6353606
2376710.0 	 0.6321954
2376900.0 	 0.6316
2377720.0 	 0.6106388
2378730.0 	 0.5848208
2380750.0 	 0.5331848
2381760.0 	 0.5073668
2383270.0 	 0.4687676
2385300.0 	 0.416876
2387320.0 	 0.3652399
2387800.0 	 0.35297
2389350.0 	 0.3483238
2391390.0 	 0.3422088
2393420.0 	 0.3361238
2395460.0 	 0.3300088
2397500.0 	 0.3238939
2399540.0 	 0.3177789
2400000.0 	 0.3164
2401590.0 	 0.3100345
2402900.0 	 0.30479
2403640.0 	 0.3065374
2405690.0 	 0.3113783
2407740.0 	 0.3162192
2409800.0 	 0.3210837
2411860.0 	 0.3259482
2413920.0 	 0.3308127
2415980.0 	 0.3356772
2418050.0 	 0.3405653
2420120.0 	 0.3454534
2422190.0 	 0.3503415
2424270.0 	 0.3552532
2425700.0 	 0.35863
2426340.0 	 0.3698118
2428420.0 	 0.4061528
2430510.0 	 0.4426684
2432590.0 	 0.4790094
2434680.0 	 0.515525
2436770.0 	 0.5520407
2438860.0 	 0.5885563
2440960.0 	 0.6252467
2441900.0 	 0.64167
2443060.0 	 0.6311027
2445160.0 	 0.6119721
2447260.0 	 0.5928416
2449370.0 	 0.57362
2451480.0 	 0.5543984
2453590.0 	 0.5351768
2455710.0 	 0.5158641
2457830.0 	 0.4965514
2459300.0 	 0.48316
2459950.0 	 0.451958
2462070.0 	 0.3501913
2462500.0 	 0.32955
2466330.0 	 0.3410753
2468460.0 	 0.347485
2470590.0 	 0.3538946
2472730.0 	 0.3603343
2474870.0 	 0.366774
2476600.0 	 0.37198
2477010.0 	 0.3770687
2479160.0 	 0.4037534
2481310.0 	 0.4304381
2483460.0 	 0.4571229
2485300.0 	 0.47996
2485610.0 	 0.4842719
2487230.0 	 0.506805
2488310.0 	 0.521827
2489390.0 	 0.536849
2490470.0 	 0.5518711
2491550.0 	 0.5668931
2492630.0 	 0.5819152
2493720.0 	 0.5970763
2493900.0 	 0.59958
2494800.0 	 0.58662
2495880.0 	 0.571068
2496970.0 	 0.555372
2498050.0 	 0.53982
2499140.0 	 0.524124
2500230.0 	 0.508428
2502400.0 	 0.47718
2503490.0 	 0.461484
2504580.0 	 0.445788
2505940.0 	 0.426204
2506900.0 	 0.41238
2507580.0 	 0.4060688
2509220.0 	 0.3908478
2510860.0 	 0.3756268
2512500.0 	 0.3604058
2514150.0 	 0.345092
2515790.0 	 0.329871
2517440.0 	 0.3145571
2519090.0 	 0.2992433
2520740.0 	 0.2839295
2522940.0 	 0.2635111
2525700.0 	 0.2378952
2528460.0 	 0.2122794
2528600.0 	 0.21098
2531230.0 	 0.2162065
2534000.0 	 0.2217113
2536770.0 	 0.2272161
2539550.0 	 0.2327407
2542340.0 	 0.2382852
2545130.0 	 0.2438298
2547920.0 	 0.2493743
2550000.0 	 0.2535078
2550720.0 	 0.2549386
2551400.0 	 0.25629
2553530.0 	 0.2642592
2556330.0 	 0.2747352
2559150.0 	 0.2852861
2561960.0 	 0.2957995
2564780.0 	 0.3063503
2565400.0 	 0.30867
2567610.0 	 0.2969196
2570440.0 	 0.2818727
2573280.0 	 0.2667726
2576120.0 	 0.2516726
2578400.0 	 0.23955
2578960.0 	 0.2429565
2581810.0 	 0.2602931
2584670.0 	 0.2776905
2587530.0 	 0.2950879
2590390.0 	 0.3124853
2593260.0 	 0.3299435
2596140.0 	 0.3474626
2599000.0 	 0.36486
2599020.0 	 0.364676
2600000.0 	 0.35566
2601900.0 	 0.3394129
2604210.0 	 0.3196599
2605940.0 	 0.3048665
2607680.0 	 0.2899876
2609420.0 	 0.2751087
2611160.0 	 0.2602298
2612900.0 	 0.2453509
2614640.0 	 0.230472
2616390.0 	 0.2155076
2618130.0 	 0.2006287
2619880.0 	 0.1856643
2621630.0 	 0.1706999
2622900.0 	 0.15984
2623390.0 	 0.1624403
2625140.0 	 0.1717269
2626900.0 	 0.1810667
2628650.0 	 0.1903533
2630410.0 	 0.1996931
2632170.0 	 0.2090328
2633400.0 	 0.21556
2633940.0 	 0.2117864
2635700.0 	 0.1994872
2637470.0 	 0.1871182
2639240.0 	 0.1747492
2641000.0 	 0.16245
2641010.0 	 0.1625186
2642780.0 	 0.1746651
2644550.0 	 0.1868116
2646330.0 	 0.1990268
2648100.0 	 0.2111733
2649880.0 	 0.2233884
2651660.0 	 0.2356036
2653440.0 	 0.2478187
2654930.0 	 0.2580437
2656120.0 	 0.26621
2657310.0 	 0.2743763
2658500.0 	 0.2825426
2659700.0 	 0.2907776
2660700.0 	 0.29764
2660890.0 	 0.2976533
2662080.0 	 0.2977369
2663280.0 	 0.2978212
2664480.0 	 0.2979055
2665670.0 	 0.2979891
2666870.0 	 0.2980734
2668070.0 	 0.2981577
2669270.0 	 0.298242
2670770.0 	 0.2983474
2672570.0 	 0.2984738
2672800.0 	 0.29849
2674370.0 	 0.2821228
2676180.0 	 0.2632535
2677990.0 	 0.2443843
2679600.0 	 0.2276
2679790.0 	 0.2287501
2681610.0 	 0.2397671
2683420.0 	 0.2507236
2685230.0 	 0.2616801
2687050.0 	 0.2726971
2688870.0 	 0.2837141
2690690.0 	 0.2947311
2692510.0 	 0.3057481
2694330.0 	 0.3167651
2696160.0 	 0.3278426
2697990.0 	 0.3389202
2699300.0 	 0.34685
2699820.0 	 0.342022
2701650.0 	 0.325031
2703480.0 	 0.3080401
2705310.0 	 0.2910491
2707150.0 	 0.2739653
2708990.0 	 0.2568815
2710830.0 	 0.2397977
2712670.0 	 0.2227139
2713000.0 	 0.21965
2714520.0 	 0.2281669
2716360.0 	 0.2384768
2718210.0 	 0.2488427
2720060.0 	 0.2592086
2721910.0 	 0.2695745
2723770.0 	 0.2799965
2725620.0 	 0.2903624
2727480.0 	 0.3007843
2729340.0 	 0.3112063
2731200.0 	 0.3216282
2733070.0 	 0.3321062
2734930.0 	 0.3425282
2736800.0 	 0.3530062
2738000.0 	 0.35973
2740540.0 	 0.356745
2742410.0 	 0.3545474
2744290.0 	 0.3523381
2745540.0 	 0.3508691
2746160.0 	 0.3501405
2749920.0 	 0.3457218
2750000.0 	 0.3456277
2751800.0 	 0.3435124
2754000.0 	 0.340927
2756520.0 	 0.3379655
2759040.0 	 0.335004
2760000.0 	 0.3338759
2761560.0 	 0.3320426
2764090.0 	 0.3290693
2764600.0 	 0.32847
2766620.0 	 0.3355509
2769150.0 	 0.3444194
2771690.0 	 0.3533231
2774230.0 	 0.3622267
2776770.0 	 0.3711304
2779320.0 	 0.3800691
2780000.0 	 0.3824527
2781870.0 	 0.3890078
2784430.0 	 0.3979815
2786980.0 	 0.4069202
2788800.0 	 0.4133
2789550.0 	 0.4112308
2792110.0 	 0.4041679
2794680.0 	 0.3970775
2797250.0 	 0.3899871
2799830.0 	 0.382869
2800000.0 	 0.3824
2802410.0 	 0.3763862
2804990.0 	 0.3699482
2807580.0 	 0.3634853
2808600.0 	 0.36094
2810170.0 	 0.3698574
2812760.0 	 0.3845684
2815360.0 	 0.3993361
2817960.0 	 0.4141038
2820000.0 	 0.4256908
2820560.0 	 0.4288715
2825780.0 	 0.4585206
2827500.0 	 0.46829
2828400.0 	 0.4842194
2833640.0 	 0.576964
2836260.0 	 0.6233362
2838890.0 	 0.6698855
2841530.0 	 0.7166118
2842700.0 	 0.73732
2844160.0 	 0.7601639
2846810.0 	 0.8016271
2849450.0 	 0.8429338
2850000.0 	 0.8515394
2852100.0 	 0.884397
2854100.0 	 0.91569
2854750.0 	 0.924658
2857410.0 	 0.9613579
2862730.0 	 1.034758
2863900.0 	 1.0509
2865390.0 	 1.023766
2868070.0 	 0.9749607
2870740.0 	 0.9263378
2873080.0 	 0.8837244
2875090.0 	 0.8471206
2876800.0 	 0.81598
2877110.0 	 0.8072354
2879120.0 	 0.7505368
2881140.0 	 0.6935561
2883160.0 	 0.6365754
2885180.0 	 0.5795947
2887200.0 	 0.522614
2888900.0 	 0.47466
2889230.0 	 0.4721085
2891250.0 	 0.4564904
2893280.0 	 0.440795
2895320.0 	 0.4250223
2897350.0 	 0.4093269
2899390.0 	 0.3935542
2900000.0 	 0.3888379
2901430.0 	 0.3777815
2903400.0 	 0.36255
2903470.0 	 0.3625692
2905510.0 	 0.363129
2907550.0 	 0.3636888
2909600.0 	 0.3642514
2911650.0 	 0.364814
2913700.0 	 0.3653765
2915750.0 	 0.3659391
2916300.0 	 0.36609
2917470.0 	 0.3742996
2918840.0 	 0.3839125
2920210.0 	 0.3935255
2921580.0 	 0.4031384
2922960.0 	 0.4128215
2924330.0 	 0.4224344
2925710.0 	 0.4321175
2927090.0 	 0.4418006
2928470.0 	 0.4514837
2929850.0 	 0.4611668
2931230.0 	 0.4708499
2932610.0 	 0.480533
2935370.0 	 0.4998992
2936760.0 	 0.5096525
2938140.0 	 0.5193356
2939000.0 	 0.52537
2939530.0 	 0.5181572
2940000.0 	 0.5117609
2940910.0 	 0.4993767
2942300.0 	 0.4804601
2943690.0 	 0.4615435
2945080.0 	 0.4426269
2946470.0 	 0.4237103
2947860.0 	 0.4047938
2949260.0 	 0.3857411
2950000.0 	 0.3756704
2950650.0 	 0.3668245
2952050.0 	 0.3477718
2954140.0 	 0.3193289
2956930.0 	 0.2813596
2962540.0 	 0.2050128
2965350.0 	 0.1667714
2965500.0 	 0.16473
2968160.0 	 0.1696913
2970970.0 	 0.1749324
2973790.0 	 0.1801921
2976620.0 	 0.1854705
2979450.0 	 0.1907489
2982280.0 	 0.1960272
2985110.0 	 0.2013056
2985300.0 	 0.20166
2987950.0 	 0.2079713
2990800.0 	 0.214759
2993290.0 	 0.2206892
2995430.0 	 0.2257859
2997570.0 	 0.2308826
2999710.0 	 0.2359793
3000000.0 	 0.23667
3001860.0 	 0.2410355
3004000.0 	 0.2460581
3006150.0 	 0.2511042
3008310.0 	 0.2561738
3010460.0 	 0.2612199
3012620.0 	 0.2662895
3014780.0 	 0.2713591
3016940.0 	 0.2764287
3019100.0 	 0.2814983
3021270.0 	 0.2865913
3023440.0 	 0.2916844
3025610.0 	 0.2967775
3027780.0 	 0.3018705
3029960.0 	 0.306987
3032130.0 	 0.3120801
3034310.0 	 0.3171966
3036500.0 	 0.3223366
3038680.0 	 0.3274532
3040870.0 	 0.3325932
3042100.0 	 0.33548
3043060.0 	 0.3445815
3045250.0 	 0.3653443
3047450.0 	 0.3862019
3049640.0 	 0.4069647
3050000.0 	 0.4103778
3051840.0 	 0.4278223
3054040.0 	 0.44868
3055880.0 	 0.4661245
3057350.0 	 0.4800612
3058820.0 	 0.4939979
3060290.0 	 0.5079346
3061770.0 	 0.521966
3063240.0 	 0.5359027
3063900.0 	 0.54216
3064720.0 	 0.5320151
3066190.0 	 0.5138285
3067670.0 	 0.4955181
3069150.0 	 0.4772078
3070630.0 	 0.4588975
3072850.0 	 0.431432
3078790.0 	 0.3579432
3081760.0 	 0.3211989
3084500.0 	 0.2873
3084740.0 	 0.2900142
3087730.0 	 0.3238288
3090720.0 	 0.3576434
3093710.0 	 0.3914579
3095950.0 	 0.4167906
3097450.0 	 0.4337544
3098960.0 	 0.4508314
3100000.0 	 0.462593
3100460.0 	 0.4677952
3101960.0 	 0.484759
3103460.0 	 0.5017229
3104970.0 	 0.5187998
3105100.0 	 0.52027
3106470.0 	 0.5428438
3107980.0 	 0.5677243
3109490.0 	 0.5926049
3111000.0 	 0.6174854
3112510.0 	 0.642366
3114020.0 	 0.6672466
3115530.0 	 0.6921271
3116500.0 	 0.70811
3117050.0 	 0.7051086
3120080.0 	 0.6885737
3121590.0 	 0.6803335
3123110.0 	 0.6720388
3124630.0 	 0.6637441
3126150.0 	 0.6554493
3127670.0 	 0.6471546
3129200.0 	 0.6388053
3130720.0 	 0.6305105
3132240.0 	 0.6222158
3133770.0 	 0.6138665
3134900.0 	 0.6077
3135300.0 	 0.6050139
3136820.0 	 0.594807
3138350.0 	 0.5845328
3139890.0 	 0.5741915
3141420.0 	 0.5639174
3142950.0 	 0.5536432
3144480.0 	 0.5433691
3146020.0 	 0.5330278
3147550.0 	 0.5227537
3149090.0 	 0.5124124
3150000.0 	 0.5063016
3150630.0 	 0.5020711
3152170.0 	 0.4917298
3153710.0 	 0.4813885
3155250.0 	 0.4710472
3156790.0 	 0.4607059
3158340.0 	 0.4502974
3159880.0 	 0.4399562
3161430.0 	 0.4295477
3162980.0 	 0.4191393
3164520.0 	 0.408798
3166070.0 	 0.3983895
3167620.0 	 0.3879811
3169180.0 	 0.3775055
3170600.0 	 0.36797
3170730.0 	 0.367933
3172280.0 	 0.3674914
3173840.0 	 0.367047
3175400.0 	 0.3666026
3176000.0 	 0.3664317
3176950.0 	 0.3661611
3178510.0 	 0.3657167
3180000.0 	 0.3652922
3180850.0 	 0.3650501
3183980.0 	 0.3641585
3187110.0 	 0.3632668
3190240.0 	 0.3623752
3193380.0 	 0.3614807
3196520.0 	 0.3605862
3199670.0 	 0.3596889
3200000.0 	 0.3595949
3201000.0 	 0.35931
3202820.0 	 0.3721618
3205980.0 	 0.3944758
3209140.0 	 0.4167899
3211910.0 	 0.43635
3214290.0 	 0.4531562
3216670.0 	 0.4699623
3219050.0 	 0.4867685
3219400.0 	 0.48924
3221430.0 	 0.5348348
3223820.0 	 0.5885154
3226210.0 	 0.642196
3228610.0 	 0.6961012
3231000.0 	 0.7497818
3231300.0 	 0.75652
3233400.0 	 0.7882129
3235800.0 	 0.8244333
3236200.0 	 0.83047
3238210.0 	 0.8154285
3240000.0 	 0.8020333
3240610.0 	 0.7974685
3243020.0 	 0.7794337
3245430.0 	 0.7613988
3247600.0 	 0.74516
3247850.0 	 0.7413785
3250260.0 	 0.7049245
3252690.0 	 0.6681681
3255110.0 	 0.6315629
3257530.0 	 0.5949577
3260000.0 	 0.5575962
3260370.0 	 0.5519995
3263300.0 	 0.50768
3263610.0 	 0.5088652
3266860.0 	 0.5212908
3270110.0 	 0.5337163
3273370.0 	 0.5461801
3276630.0 	 0.5586439
3279890.0 	 0.5711077
3280000.0 	 0.5715282
3283170.0 	 0.5836479
3286440.0 	 0.5961499
3289720.0 	 0.6086902
3290400.0 	 0.61129
3293010.0 	 0.6002043
3296300.0 	 0.5862304
3300000.0 	 0.5705151
3302900.0 	 0.5581977
3306210.0 	 0.5441389
3309520.0 	 0.53008
3312830.0 	 0.5160212
3316160.0 	 0.5018774
3319480.0 	 0.4877761
3322810.0 	 0.4736323
3326150.0 	 0.4594461
3326700.0 	 0.45711
3329490.0 	 0.4667882
3332840.0 	 0.478409
3336190.0 	 0.4900298
3339540.0 	 0.5016506
3340000.0 	 0.5032463
3342910.0 	 0.5133408
3346270.0 	 0.5249963
3349640.0 	 0.5366865
3350000.0 	 0.5379353
3351630.0 	 0.5435896
3351632.0 	 0.5435965
3353020.0 	 0.5484113
3355000.0 	 0.5552797
3356400.0 	 0.5601362
3359790.0 	 0.5718957
3360000.0 	 0.5726242
3361100.0 	 0.57644
3363180.0 	 0.5716416
3366580.0 	 0.563798
3369980.0 	 0.5559544
3373390.0 	 0.5480877
3376380.0 	 0.5411899
3378940.0 	 0.5352842
3380000.0 	 0.5328388
3381510.0 	 0.5293553
3384070.0 	 0.5234496
3386640.0 	 0.5175207
3389220.0 	 0.5115688
3391800.0 	 0.5056169
3394380.0 	 0.499665
3396960.0 	 0.4937131
3399550.0 	 0.4877381
3400000.0 	 0.4867
3402140.0 	 0.480599
3404730.0 	 0.473215
3405300.0 	 0.47159
3407320.0 	 0.4839042
3409920.0 	 0.4997542
3412520.0 	 0.5156042
3415130.0 	 0.5315152
3417730.0 	 0.5473652
3420000.0 	 0.5612035
3420340.0 	 0.5632762
3422960.0 	 0.5792481
3425570.0 	 0.595159
3428190.0 	 0.611131
3428700.0 	 0.61424
3430810.0 	 0.5944663
3433440.0 	 0.5698194
3436060.0 	 0.5452663
3438700.0 	 0.5205257
3441330.0 	 0.4958789
3444410.0 	 0.4670149
3446900.0 	 0.44368
3447930.0 	 0.4393057
3451450.0 	 0.4243568
3454990.0 	 0.409323
3458530.0 	 0.3942891
3461630.0 	 0.3811239
3464290.0 	 0.3698272
3466950.0 	 0.3585306
3469620.0 	 0.3471915
3472290.0 	 0.3358524
3474960.0 	 0.3245133
3475500.0 	 0.32222
3477630.0 	 0.3260311
3480310.0 	 0.3308262
3483000.0 	 0.3356392
3485680.0 	 0.3404344
3488370.0 	 0.3452474
3491060.0 	 0.3500604
3493750.0 	 0.3548735
3495000.0 	 0.35711
3496450.0 	 0.367322
3499150.0 	 0.3863374
3501860.0 	 0.4054232
3504560.0 	 0.4244385
3507270.0 	 0.4435244
3509990.0 	 0.4626806
3512700.0 	 0.4817664
3515420.0 	 0.5009226
3518150.0 	 0.5201493
3518400.0 	 0.52191
3520870.0 	 0.5587589
3523600.0 	 0.5994867
3526330.0 	 0.6402144
3529070.0 	 0.6810914
3531810.0 	 0.7219683
3534000.0 	 0.75464
3534090.0 	 0.7539079
3535920.0 	 0.7390227
3537750.0 	 0.7241375
3539590.0 	 0.709171
3541420.0 	 0.6942858
3543260.0 	 0.6793192
3545090.0 	 0.664434
3546930.0 	 0.6494674
3549230.0 	 0.6307593
3551990.0 	 0.6083094
3554760.0 	 0.5857783
3560300.0 	 0.5407159
3563070.0 	 0.5181848
3565850.0 	 0.4955723
3568630.0 	 0.4729598
3571420.0 	 0.4502659
3574210.0 	 0.4275721
3574300.0 	 0.42684
3577000.0 	 0.4148213
3579790.0 	 0.402402
3582590.0 	 0.3899382
3585390.0 	 0.3774744
3588200.0 	 0.3649661
3590540.0 	 0.3545499
3592410.0 	 0.3462258
3594290.0 	 0.3378573
3596160.0 	 0.3295332
3598040.0 	 0.3211647
3599920.0 	 0.3127961
3600000.0 	 0.31244
3601800.0 	 0.3057014
3603680.0 	 0.2986632
3605570.0 	 0.2915877
3607450.0 	 0.2845496
3609340.0 	 0.277474
3611700.0 	 0.2686389
3614530.0 	 0.2580443
3617370.0 	 0.2474122
3620220.0 	 0.2367427
3623060.0 	 0.2261106
3625910.0 	 0.2154411
3628760.0 	 0.2047716
3631620.0 	 0.1940647
3634480.0 	 0.1833578
3637340.0 	 0.1726508
3638000.0 	 0.17018
3640210.0 	 0.1715266
3643080.0 	 0.1732755
3645950.0 	 0.1750243
3648830.0 	 0.1767792
3651710.0 	 0.1785341
3654590.0 	 0.180289
3657480.0 	 0.18205
3660370.0 	 0.183811
3663260.0 	 0.1855719
3666160.0 	 0.187339
3669060.0 	 0.1891061
3671960.0 	 0.1908732
3674400.0 	 0.19236
3674870.0 	 0.1949457
3677780.0 	 0.2109552
3680000.0 	 0.2231686
3680690.0 	 0.2269647
3683610.0 	 0.2430292
3686040.0 	 0.2563979
3687990.0 	 0.2671259
3689940.0 	 0.2778539
3691890.0 	 0.2885819
3693850.0 	 0.2993649
3695800.0 	 0.3100929
3697760.0 	 0.3208759
3699720.0 	 0.331659
3700000.0 	 0.3331994
3701680.0 	 0.342442
3703640.0 	 0.353225
3705600.0 	 0.364008
3707570.0 	 0.374846
3709530.0 	 0.385629
3711500.0 	 0.3964671
3715930.0 	 0.4208389
3718890.0 	 0.4371234
3719900.0 	 0.44268
3720000.0 	 0.4435009
3724820.0 	 0.4830694
3727790.0 	 0.5074508
3730770.0 	 0.5319143
3733740.0 	 0.5562958
3736720.0 	 0.5807593
3739710.0 	 0.6053049
3742700.0 	 0.6298505
3745690.0 	 0.6543961
3748680.0 	 0.6789417
3749000.0 	 0.6815686
3751680.0 	 0.7035694
3752400.0 	 0.70948
3754690.0 	 0.7231267
3755690.0 	 0.729086
3755693.0 	 0.7291039
3757690.0 	 0.7410046
3760000.0 	 0.7547705
3760700.0 	 0.758942
3763720.0 	 0.776939
3766730.0 	 0.7948764
3769750.0 	 0.8128734
3772780.0 	 0.83093
3774500.0 	 0.84118
3775800.0 	 0.8201547
3778840.0 	 0.7709879
3781870.0 	 0.7219828
3784910.0 	 0.6728159
3787950.0 	 0.6236491
3791000.0 	 0.5743205
3796600.0 	 0.48375
3797100.0 	 0.4932408
3800000.0 	 0.5482876
3800160.0 	 0.5513247
3803220.0 	 0.6094086
3806290.0 	 0.6676823
3809360.0 	 0.7259559
3812430.0 	 0.7842296
3813500.0 	 0.80454
3814990.0 	 0.7927368
3817040.0 	 0.7764975
3819100.0 	 0.7601789
3821150.0 	 0.7439396
3823210.0 	 0.7276211
3825270.0 	 0.7113025
3827840.0 	 0.6909439
3830940.0 	 0.6663869
3834040.0 	 0.6418299
3836620.0 	 0.6213921
3838690.0 	 0.6049944
3840000.0 	 0.594617
3840760.0 	 0.5885966
3842840.0 	 0.5721196
3844910.0 	 0.5557219
3846990.0 	 0.5392449
3849070.0 	 0.5227679
3851150.0 	 0.5062909
3853750.0 	 0.4856947
3856870.0 	 0.4609793
3860000.0 	 0.4361846
3865300.0 	 0.3942
3866280.0 	 0.39351
3869420.0 	 0.3912991
3872560.0 	 0.3890882
3875710.0 	 0.3868703
3878860.0 	 0.3846524
3880000.0 	 0.3838497
3882020.0 	 0.3824274
3884800.0 	 0.38047
3885180.0 	 0.3826602
3888350.0 	 0.4009307
3891520.0 	 0.4192013
3894690.0 	 0.4374719
3897860.0 	 0.4557425
3900000.0 	 0.4680766
3901040.0 	 0.4740707
3904230.0 	 0.4924565
3907420.0 	 0.5108424
3910610.0 	 0.5292283
3913800.0 	 0.5476141
3917000.0 	 0.5660576
3920210.0 	 0.5845587
3923410.0 	 0.6030022
3923800.0 	 0.60525
3926630.0 	 0.6530697
3929840.0 	 0.7073105
3933060.0 	 0.7617203
3936280.0 	 0.81613
3939400.0 	 0.86885
3939510.0 	 0.8670252
3940000.0 	 0.8588963
3942740.0 	 0.8134413
3945980.0 	 0.7596916
3949220.0 	 0.7059419
3950000.0 	 0.6930022
3952460.0 	 0.6521922
3955710.0 	 0.5982766
3958960.0 	 0.5443609
3960000.0 	 0.527108
3962220.0 	 0.4902794
3965470.0 	 0.4363638
3968700.0 	 0.38278
3968740.0 	 0.3828374
3972010.0 	 0.3875261
3975280.0 	 0.3922148
3978550.0 	 0.3969036
3981830.0 	 0.4016067
3985120.0 	 0.4063241
3988400.0 	 0.4110272
3991700.0 	 0.4157589
3994990.0 	 0.4204763
3998290.0 	 0.4252081
3999160.0 	 0.4264556
4000000.0 	 0.42766
4001600.0 	 0.4300741
4004900.0 	 0.4350532
4008220.0 	 0.4400624
4011530.0 	 0.4450566
4014850.0 	 0.4500658
4018180.0 	 0.4550902
4021510.0 	 0.4601145
4022700.0 	 0.46191
4024840.0 	 0.4651388
4028180.0 	 0.4701782
4030700.0 	 0.4739804
4031280.0 	 0.4748555
4031283.0 	 0.4748601
4031520.0 	 0.4752177
4034860.0 	 0.4802571
4038210.0 	 0.4853116
4040000.0 	 0.4880124
4041570.0 	 0.4903812
4044930.0 	 0.4954508
4048290.0 	 0.5005204
4051650.0 	 0.50559
4055020.0 	 0.5106747
4058400.0 	 0.5157745
4061300.0 	 0.52015
4061780.0 	 0.5190363
4064600.0 	 0.5124932
4066860.0 	 0.5072495
4069110.0 	 0.502029
4071380.0 	 0.4967621
4073640.0 	 0.4915184
4075900.0 	 0.4862747
4078170.0 	 0.4810078
4080000.0 	 0.4767617
4080440.0 	 0.4757408
4082710.0 	 0.4704739
4084980.0 	 0.465207
4087830.0 	 0.4585944
4091240.0 	 0.4506824
4094660.0 	 0.4427472
4096400.0 	 0.43871
4098090.0 	 0.4448713
4100000.0 	 0.4518347
4101520.0 	 0.4573762
4104380.0 	 0.4678031
4106670.0 	 0.4761519
4108960.0 	 0.4845006
4111250.0 	 0.4928494
4113550.0 	 0.5012346
4115850.0 	 0.5096198
4118150.0 	 0.5180051
4120450.0 	 0.5263903
4122760.0 	 0.534812
4125060.0 	 0.5431972
4127950.0 	 0.5537334
4131410.0 	 0.5663477
4134890.0 	 0.5790349
4136400.0 	 0.58454
4138360.0 	 0.5796412
4140000.0 	 0.5755422
4141840.0 	 0.5709433
4145320.0 	 0.5622454
4148810.0 	 0.5535225
4152310.0 	 0.5447746
4155220.0 	 0.5375014
4159890.0 	 0.5258292
4162230.0 	 0.5199806
4164570.0 	 0.514132
4166910.0 	 0.5082834
4169250.0 	 0.5024348
4171600.0 	 0.4965612
4173940.0 	 0.4907127
4176290.0 	 0.4848391
4178640.0 	 0.4789655
4180000.0 	 0.4755663
4181000.0 	 0.4730669
4183350.0 	 0.4671933
4185710.0 	 0.4612948
4186100.0 	 0.46032
4188070.0 	 0.4734143
4190430.0 	 0.4891009
4192790.0 	 0.5047875
4195160.0 	 0.5205405
4197530.0 	 0.5362936
4199900.0 	 0.5520466
4202270.0 	 0.5677997
4204640.0 	 0.5835527
4207020.0 	 0.5993723
4209390.0 	 0.6151253
4211770.0 	 0.6309448
4214150.0 	 0.6467644
4216540.0 	 0.6626504
4218920.0 	 0.6784699
4220000.0 	 0.6856485
4221000.0 	 0.6922953
4221310.0 	 0.6943559
4223700.0 	 0.7102419
4226090.0 	 0.7261278
4228490.0 	 0.7420803
4230880.0 	 0.7579663
4233280.0 	 0.7739188
4235680.0 	 0.7898712
4238680.0 	 0.8098118
4240000.0 	 0.8185856
4242290.0 	 0.8338069
4245900.0 	 0.8578021
4249520.0 	 0.8818637
4253140.0 	 0.9059254
4256760.0 	 0.929987
4259300.0 	 0.94687
4260000.0 	 0.9349202
4260390.0 	 0.9282624
4264030.0 	 0.8661233
4267670.0 	 0.8039841
4271310.0 	 0.741845
4274960.0 	 0.6795351
4278620.0 	 0.6170545
4282280.0 	 0.554574
4283600.0 	 0.53204
4285940.0 	 0.5180369
4289610.0 	 0.4960746
4293280.0 	 0.4741124
4296960.0 	 0.4520904
4300000.0 	 0.4338983
4300640.0 	 0.4300683
4304330.0 	 0.4079865
4308020.0 	 0.3859046
4309000.0 	 0.38004
4311710.0 	 0.4009103
4315410.0 	 0.4294047
4319120.0 	 0.4579762
4322830.0 	 0.4865477
4326550.0 	 0.5151962
4330270.0 	 0.5438447
4333990.0 	 0.5724932
4337720.0 	 0.6012187
4340000.0 	 0.6187775
4341460.0 	 0.6300212
4342100.0 	 0.63495
4345200.0 	 0.6459572
4348940.0 	 0.6592369
4352690.0 	 0.6725521
4355820.0 	 0.6836658
4358320.0 	 0.6925426
4360000.0 	 0.6985078
4360830.0 	 0.7014549
4363340.0 	 0.7103672
4366480.0 	 0.7215164
4370250.0 	 0.7349026
4374030.0 	 0.7483243
4375000.0 	 0.7517685
4377810.0 	 0.761746
4381600.0 	 0.7752032
4384100.0 	 0.78408
4385390.0 	 0.7790414
4389190.0 	 0.764199
4392990.0 	 0.7493566
4396790.0 	 0.7345142
4400000.0 	 0.7219762
4400610.0 	 0.7195936
4404420.0 	 0.7047122
4408240.0 	 0.6897916
4412070.0 	 0.674832
4415660.0 	 0.6608099
4415900.0 	 0.6598725
4419740.0 	 0.6448738
4421000.0 	 0.6399524
4423580.0 	 0.6298752
4427430.0 	 0.6148375
4431280.0 	 0.5997998
4435130.0 	 0.5847621
4439000.0 	 0.5696462
4442860.0 	 0.5545695
4446730.0 	 0.5394536
4450610.0 	 0.5242988
4454490.0 	 0.5091439
4458380.0 	 0.4939499
4462100.0 	 0.47942
4462270.0 	 0.4794936
4466170.0 	 0.4811813
4470070.0 	 0.4828691
4473980.0 	 0.4845612
4477890.0 	 0.4862533
4480000.0 	 0.4871665
4481810.0 	 0.4879498
4485730.0 	 0.4896462
4489660.0 	 0.4913469
4493590.0 	 0.4930477
4497530.0 	 0.4947528
4500000.0 	 0.4958217
4501480.0 	 0.4964622
4503000.0 	 0.49712
4505420.0 	 0.5471098
4509380.0 	 0.6289114
4512680.0 	 0.6970793
4515320.0 	 0.7516137
4517960.0 	 0.8061481
4520000.0 	 0.8482883
4520610.0 	 0.860889
4523260.0 	 0.9156299
4525910.0 	 0.9703709
4526000.0 	 0.97223
4528560.0 	 0.9388885
4531220.0 	 0.9042445
4533880.0 	 0.8696006
4536540.0 	 0.8349567
4539200.0 	 0.8003127
4540000.0 	 0.7898935
4541870.0 	 0.7655386
4544530.0 	 0.7308946
4547200.0 	 0.6961205
4549880.0 	 0.6612161
4552550.0 	 0.6264419
4555230.0 	 0.5915375
4557910.0 	 0.5566331
4560000.0 	 0.5294128
4560590.0 	 0.5217287
4563270.0 	 0.4868242
4565960.0 	 0.4517896
4568650.0 	 0.4167549
4571340.0 	 0.3817203
4572600.0 	 0.36531
4574030.0 	 0.3723506
4576730.0 	 0.3856441
4579430.0 	 0.3989376
4580000.0 	 0.401744
4582130.0 	 0.4122311
4585510.0 	 0.4288726
4589570.0 	 0.4488621
4593630.0 	 0.4688516
4597700.0 	 0.4888903
4600000.0 	 0.5002144
4601780.0 	 0.5089782
4605860.0 	 0.5290662
4609950.0 	 0.5492033
4614040.0 	 0.5693405
4620000.0 	 0.5986847
4622240.0 	 0.6097134
4625000.0 	 0.6233023
4626350.0 	 0.629949
4630470.0 	 0.6502339
4634590.0 	 0.6705188
4638710.0 	 0.6908037
4640000.0 	 0.697155
4642850.0 	 0.711187
4646980.0 	 0.7315212
4651120.0 	 0.7519045
4655270.0 	 0.7723371
4660000.0 	 0.7956253
4663590.0 	 0.8133008
4663600.0 	 0.81335
4667750.0 	 0.8212454
4671920.0 	 0.8291789
4676100.0 	 0.8371315
4680280.0 	 0.845084
4684460.0 	 0.8530365
4688660.0 	 0.8610271
4692160.0 	 0.8676859
4694960.0 	 0.8730129
4697760.0 	 0.87834
4700000.0 	 0.8826016
4700570.0 	 0.883686
4703380.0 	 0.8890321
4706190.0 	 0.8943782
4709000.0 	 0.8997243
4711820.0 	 0.9050894
4714640.0 	 0.9104545
4717460.0 	 0.9158196
4720000.0 	 0.9206519
4720280.0 	 0.9211847
4723110.0 	 0.9265688
4723200.0 	 0.92674
4725940.0 	 0.9253897
4728770.0 	 0.9239951
4731600.0 	 0.9226004
4734440.0 	 0.9212009
4737280.0 	 0.9198013
4740000.0 	 0.9184609
4740120.0 	 0.9184017
4742970.0 	 0.9169973
4750000.0 	 0.9135328
4750800.0 	 0.9131386
4755090.0 	 0.9110245
4759370.0 	 0.9089153
4763670.0 	 0.9067962
4767970.0 	 0.9046771
4772270.0 	 0.9025581
4775600.0 	 0.900917
4776580.0 	 0.9004341
4777400.0 	 0.90003
4780000.0 	 0.8759532
4780900.0 	 0.8676189
4781380.0 	 0.863174
4781385.0 	 0.8631277
4783500.0 	 0.8435421
4784300.0 	 0.8361339
4785230.0 	 0.8275218
4789550.0 	 0.7875173
4793170.0 	 0.7539949
4796060.0 	 0.7272327
4798950.0 	 0.7004704
4800000.0 	 0.690747
4801850.0 	 0.6736155
4804750.0 	 0.6467606
4807660.0 	 0.6198131
4809900.0 	 0.59907
4810560.0 	 0.5992398
4813470.0 	 0.5999883
4816380.0 	 0.6007369
4819290.0 	 0.6014854
4820000.0 	 0.601668
4822210.0 	 0.6022365
4825130.0 	 0.6029876
4828050.0 	 0.6037387
4830980.0 	 0.6044924
4833900.0 	 0.6052435
4836830.0 	 0.6059972
4838200.0 	 0.6063496
4839770.0 	 0.6067535
4840000.0 	 0.6068126
4842400.0 	 0.60743
4842700.0 	 0.6103338
4845640.0 	 0.6387905
4848580.0 	 0.6672473
4851520.0 	 0.695704
4854470.0 	 0.7242575
4857410.0 	 0.7527143
4860000.0 	 0.7777833
4860370.0 	 0.7813646
4863320.0 	 0.8099182
4864000.0 	 0.8165
4866280.0 	 0.8131628
4869240.0 	 0.8088303
4872200.0 	 0.8044977
4875000.0 	 0.8003994
4875160.0 	 0.8001652
4878130.0 	 0.795818
4880000.0 	 0.7930809
4881100.0 	 0.7914709
4884070.0 	 0.7871237
4887050.0 	 0.7827619
4890770.0 	 0.777317
4892100.0 	 0.7753702
4895240.0 	 0.7709491
4896500.0 	 0.7691749
4899720.0 	 0.7503029
4900000.0 	 0.7486619
4903460.0 	 0.7283832
4906460.0 	 0.7108006
4909450.0 	 0.6932766
4912450.0 	 0.6756941
4915450.0 	 0.6581114
4918460.0 	 0.6404702
4921460.0 	 0.6228876
4924470.0 	 0.6052464
4927490.0 	 0.5875466
4930500.0 	 0.5699054
4934270.0 	 0.5478099
4938810.0 	 0.5212016
4940000.0 	 0.5142271
4943350.0 	 0.4945933
4946100.0 	 0.4784758
4947890.0 	 0.4680512
4952450.0 	 0.4414947
4954000.0 	 0.4324678
4957000.0 	 0.441967
4960000.0 	 0.4514663
4961570.0 	 0.4564375
4966140.0 	 0.4709081
4970720.0 	 0.4854102
4975300.0 	 0.4999124
4980000.0 	 0.5147945
4984490.0 	 0.5290117
4989090.0 	 0.5435772
4993700.0 	 0.5581744
4998320.0 	 0.5728032
5000000.0 	 0.5781228
5002940.0 	 0.5867402
5006210.0 	 0.596325
5007570.0 	 0.6003113
5012200.0 	 0.6138824
5016850.0 	 0.6275119
5021490.0 	 0.6411123
5029800.0 	 0.6654698
5030810.0 	 0.6659061
5034700.0 	 0.6675866
5037810.0 	 0.6689301
5040000.0 	 0.6698762
5040930.0 	 0.6702779
5044050.0 	 0.6716258
5047170.0 	 0.6729736
5049720.0 	 0.6740751
5049723.0 	 0.6740764
5050300.0 	 0.6743257
5053430.0 	 0.6756779
5056560.0 	 0.67703
5059700.0 	 0.6783865
5062830.0 	 0.6797386
5065980.0 	 0.6810994
5069120.0 	 0.6824559
5072270.0 	 0.6838166
5075420.0 	 0.6851774
5078570.0 	 0.6865382
5080000.0 	 0.6871559
5081720.0 	 0.6878989
5084880.0 	 0.6892641
5088830.0 	 0.6909705
5093580.0 	 0.6930225
5098340.0 	 0.6950787
5100000.0 	 0.6957959
5103100.0 	 0.697135
5107870.0 	 0.6991956
5111100.0 	 0.700591
5112640.0 	 0.706826
5117430.0 	 0.7262194
5122220.0 	 0.7456128
5125000.0 	 0.7568683
5127010.0 	 0.7650779
5131010.0 	 0.7814153
5134220.0 	 0.794526
5137430.0 	 0.8076367
5140000.0 	 0.8181336
5140640.0 	 0.8207475
5143850.0 	 0.8338583
5147070.0 	 0.8470098
5150100.0 	 0.8593854
5150290.0 	 0.859226
5153510.0 	 0.8565242
5154000.0 	 0.8561131
5156740.0 	 0.853814
5158500.0 	 0.8523372
5158509.0 	 0.8523297
5160000.0 	 0.8512141
5163200.0 	 0.8488201
5166430.0 	 0.8464036
5169670.0 	 0.8439795
5172910.0 	 0.8415555
5176970.0 	 0.838518
5181840.0 	 0.8348745
5186720.0 	 0.8312235
5191610.0 	 0.827565
5194500.0 	 0.8254029
5196500.0 	 0.8383808
5200000.0 	 0.8610921
5201400.0 	 0.8701766
5206310.0 	 0.9020373
5211220.0 	 0.933898
5216140.0 	 0.9658236
5217200.0 	 0.9727019
5220000.0 	 0.9586701
5221070.0 	 0.953308
5226010.0 	 0.9285518
5230950.0 	 0.9037957
5240000.0 	 0.8584429
5240860.0 	 0.8541331
5245820.0 	 0.8292768
5250000.0 	 0.8083293
5250790.0 	 0.8043903
5255770.0 	 0.7795595
5260000.0 	 0.7584684
5260760.0 	 0.7546789
5265750.0 	 0.7297982
5270750.0 	 0.7048677
5272500.0 	 0.6961421
5275750.0 	 0.6940318
5280000.0 	 0.6912721
5285790.0 	 0.6875126
5290820.0 	 0.6842465
5295850.0 	 0.6809804
5300000.0 	 0.6782857
5300890.0 	 0.6777078
5305940.0 	 0.6744287
5311000.0 	 0.6711432
5316060.0 	 0.6678576
5320000.0 	 0.6652993
5321140.0 	 0.664559
5326210.0 	 0.6612669
5331300.0 	 0.6579618
5336390.0 	 0.6546569
5340000.0 	 0.6523127
5341490.0 	 0.6513453
5346600.0 	 0.6480272
5352100.0 	 0.6444559
5356840.0 	 0.64082
5360000.0 	 0.6383962
5361970.0 	 0.6368851
5367110.0 	 0.6329424
5372250.0 	 0.6289997
5375000.0 	 0.6268902
5375400.0 	 0.626565
5377410.0 	 0.6328153
5382560.0 	 0.6488297
5387730.0 	 0.6649063
5392910.0 	 0.681014
5398090.0 	 0.6971217
5400000.0 	 0.703061
5400100.0 	 0.7033719
5401980.0 	 0.696356
5401981.0 	 0.6963522
5403280.0 	 0.6915045
5408470.0 	 0.672136
5413680.0 	 0.6526926
5418890.0 	 0.6332494
5421660.0 	 0.6229121
5421666.0 	 0.6228897
5424110.0 	 0.6137689
5428470.0 	 0.5974978
5431950.0 	 0.5845108
5435450.0 	 0.5714491
5438940.0 	 0.5584248
5440000.0 	 0.554469
5442440.0 	 0.5453631
5445940.0 	 0.5323014
5449500.0 	 0.5190159
5452950.0 	 0.5334018
5456470.0 	 0.5480796
5460000.0 	 0.5627991
5463500.0 	 0.5773934
5467020.0 	 0.5920713
5470550.0 	 0.6067907
5474080.0 	 0.6215102
5477610.0 	 0.6362297
5481150.0 	 0.6509909
5484690.0 	 0.6657521
5488230.0 	 0.6805132
5491770.0 	 0.6952744
5495000.0 	 0.708743
5495320.0 	 0.7087133
5498880.0 	 0.7083837
5500000.0 	 0.70828
5502430.0 	 0.7080551
5505990.0 	 0.7077254
5509560.0 	 0.7073949
5510000.0 	 0.7073541
5513120.0 	 0.7070653
5516690.0 	 0.7067347
5520000.0 	 0.7064282
5520270.0 	 0.7064033
5523850.0 	 0.7060719
5528320.0 	 0.7056579
5533700.0 	 0.7051598
5539090.0 	 0.7046608
5540000.0 	 0.7045765
5544480.0 	 0.7041618
5549880.0 	 0.7036618
5555300.0 	 0.7031599
5560000.0 	 0.7027248
5560710.0 	 0.7026591
5566140.0 	 0.7021563
5571580.0 	 0.7016526
5577020.0 	 0.701149
5580000.0 	 0.7008731
5582250.0 	 0.7006648
5582254.0 	 0.7006643
5582470.0 	 0.7006444
5587930.0 	 0.7001388
5590000.0 	 0.6999472
5593390.0 	 0.6996333
5598870.0 	 0.699126
5600000.0 	 0.6990213
5604350.0 	 0.6986185
5608100.0 	 0.6982714
5609840.0 	 0.692803
5610000.0 	 0.6923001
5615340.0 	 0.6755179
5620000.0 	 0.6608727
5620850.0 	 0.6582014
5625000.0 	 0.645159
5626360.0 	 0.6409011
5631890.0 	 0.6235877
5634100.0 	 0.6166687
5637420.0 	 0.6170406
5640000.0 	 0.6173297
5642960.0 	 0.6176613
5646800.0 	 0.6180915
5647520.0 	 0.6181722
5647525.0 	 0.6181728
5648510.0 	 0.6182831
5654060.0 	 0.618905
5659630.0 	 0.619529
5660000.0 	 0.6195704
5665200.0 	 0.620153
5670000.0 	 0.6206908
5670780.0 	 0.6207781
5677570.0 	 0.6215389
5677571.0 	 0.621539
5679900.0 	 0.6218
5680680.0 	 0.6218873
5681970.0 	 0.6220318
5687570.0 	 0.6226593
5690000.0 	 0.6229315
5693190.0 	 0.6529256
5698810.0 	 0.7057678
5700000.0 	 0.7169568
5704440.0 	 0.758704
5710080.0 	 0.8117343
5715720.0 	 0.8647645
5720000.0 	 0.9050073
5721200.0 	 0.9162903
5721380.0 	 0.916225
5727050.0 	 0.9141692
5732720.0 	 0.9121133
5738400.0 	 0.9100538
5740000.0 	 0.9094736
5744090.0 	 0.9079907
5749790.0 	 0.9059239
5750000.0 	 0.9058478
5755490.0 	 0.9039198
5760000.0 	 0.9023359
5761210.0 	 0.901911
5766930.0 	 0.8999022
5770600.0 	 0.8986133
5772660.0 	 0.8906736
5780000.0 	 0.8623835
5784150.0 	 0.8463884
5789910.0 	 0.824188
5795680.0 	 0.8019491
5800000.0 	 0.7852988
5801460.0 	 0.7796716
5807240.0 	 0.7573942
5813030.0 	 0.7350782
5817400.0 	 0.7182351
5818830.0 	 0.7173022
5820000.0 	 0.7165388
5824640.0 	 0.7135115
5830460.0 	 0.7097144
5834800.0 	 0.7068829
5836290.0 	 0.7059406
5840000.0 	 0.7035944
5842130.0 	 0.7022474
5847970.0 	 0.6985541
5852850.0 	 0.695468
5856760.0 	 0.6929952
5860000.0 	 0.6909463
5860670.0 	 0.6905226
5864580.0 	 0.6880498
5868500.0 	 0.6855708
5872420.0 	 0.6830917
5875000.0 	 0.6814601
5876350.0 	 0.6806231
5880000.0 	 0.6783602
5880280.0 	 0.6781865
5884210.0 	 0.6757499
5888150.0 	 0.6733071
5892090.0 	 0.6708642
5896040.0 	 0.6684153
5900000.0 	 0.66596
5903940.0 	 0.6635172
5907900.0 	 0.661062
5911860.0 	 0.6586068
5915830.0 	 0.6561454
5919800.0 	 0.6536839
5920000.0 	 0.6535599
5923770.0 	 0.6512225
5927750.0 	 0.6487549
5931730.0 	 0.6462873
5935720.0 	 0.6438135
5939710.0 	 0.6413397
5940000.0 	 0.6411599
5943700.0 	 0.6388658
5947700.0 	 0.6363859
5951700.0 	 0.6339058
5955710.0 	 0.6314196
5959720.0 	 0.6289334
5960000.0 	 0.6287598
5963730.0 	 0.6264472
5968760.0 	 0.6233286
5974790.0 	 0.6195899
5980000.0 	 0.6163597
5980840.0 	 0.6158389
5986900.0 	 0.6120816
5992960.0 	 0.6083245
5999030.0 	 0.604561
6000000.0 	 0.6039596
6005120.0 	 0.6007662
6009900.0 	 0.5977849
6011210.0 	 0.6031949
6017310.0 	 0.6283869
6020000.0 	 0.6394962
6023420.0 	 0.6536201
6029540.0 	 0.6788947
6035670.0 	 0.7042106
6040000.0 	 0.7220927
6041810.0 	 0.7295677
6047960.0 	 0.7549662
6054120.0 	 0.7804059
6056700.0 	 0.7910608
6060000.0 	 0.767959
6060280.0 	 0.7659989
6066460.0 	 0.7227355
6072650.0 	 0.679402
6078840.0 	 0.6360686
6085050.0 	 0.5925951
6086600.0 	 0.5817443
6091260.0 	 0.5817352
6097490.0 	 0.581723
6100000.0 	 0.581718
6103720.0 	 0.5817108
6109960.0 	 0.5816986
6116220.0 	 0.5816863
6120000.0 	 0.5816789
6122480.0 	 0.5816741
6125000.0 	 0.5816692
6128750.0 	 0.5816561
6135030.0 	 0.5816342
6140000.0 	 0.5816169
6141330.0 	 0.5816122
6147630.0 	 0.5815903
6153940.0 	 0.5815683
6160000.0 	 0.5815471
6160260.0 	 0.5815463
6167650.0 	 0.5815205
6176100.0 	 0.5814911
6180000.0 	 0.5814775
6184580.0 	 0.5814616
6193070.0 	 0.5814319
6200000.0 	 0.5814078
6210110.0 	 0.5813726
6213400.0 	 0.5813611
6215280.0 	 0.5813546
6215283.0 	 0.5813545
6218660.0 	 0.5813428
6220000.0 	 0.5813381
6222100.0 	 0.5813308
6227220.0 	 0.5813447
6235810.0 	 0.5813679
6236100.0 	 0.5813687
6240000.0 	 0.6007507
6244410.0 	 0.6226673
6250000.0 	 0.6504482
6253020.0 	 0.6654525
6260000.0 	 0.7001313
6261660.0 	 0.7083787
6270000.0 	 0.7498144
6270310.0 	 0.7513546
6272500.0 	 0.7622352
6273300.0 	 0.7580222
6273301.0 	 0.7580169
6278700.0 	 0.729585
6278980.0 	 0.7281104
6280550.0 	 0.7198426
6280554.0 	 0.7198216
6281800.0 	 0.7132599
6282620.0 	 0.7089417
6282626.0 	 0.7089101
6285500.0 	 0.6937751
6289850.0 	 0.6708673
6290000.0 	 0.6700774
6298560.0 	 0.624999
6300000.0 	 0.6174158
6302920.0 	 0.6020386
6306300.0 	 0.584239
6307290.0 	 0.5855537
6310000.0 	 0.5891526
6311660.0 	 0.5913571
6316040.0 	 0.5971736
6320000.0 	 0.6024324
6320420.0 	 0.6029901
6324800.0 	 0.6088068
6329190.0 	 0.6146366
6333590.0 	 0.6204798
6337990.0 	 0.6263229
6340000.0 	 0.6289921
6342390.0 	 0.632166
6346800.0 	 0.6380224
6351210.0 	 0.6438789
6353080.0 	 0.6463621
6353300.0 	 0.6466543
6355630.0 	 0.6497486
6360000.0 	 0.6555519
6360050.0 	 0.6556182
6364480.0 	 0.6615012
6368910.0 	 0.6673842
6370000.0 	 0.6688317
6373350.0 	 0.6732805
6375000.0 	 0.6754716
6377790.0 	 0.6791728
6380000.0 	 0.6821045
6388200.0 	 0.6929823
6391140.0 	 0.6886331
6395600.0 	 0.6820353
6400000.0 	 0.6755263
6400070.0 	 0.6754228
6404530.0 	 0.668825
6409010.0 	 0.6621976
6413490.0 	 0.6555702
6417970.0 	 0.6489428
6420000.0 	 0.6459398
6422460.0 	 0.6423007
6426950.0 	 0.6356584
6431450.0 	 0.6290015
6435950.0 	 0.6223445
6440000.0 	 0.6163532
6440460.0 	 0.6156728
6444970.0 	 0.609001
6449480.0 	 0.6023293
6454010.0 	 0.5956279
6458530.0 	 0.5889413
6460000.0 	 0.5867667
6463060.0 	 0.58224
6464400.0 	 0.5802577
6469870.0 	 0.5926848
6478960.0 	 0.6133361
6480000.0 	 0.6156987
6488070.0 	 0.6340326
6497200.0 	 0.6547747
6500000.0 	 0.661136
6502300.0 	 0.666317
6506340.0 	 0.6755671
6515510.0 	 0.6965632
6524500.0 	 0.7171469
6524700.0 	 0.716588
6533900.0 	 0.6908746
6540000.0 	 0.6738255
6543130.0 	 0.6650774
6552380.0 	 0.6392243
6560000.0 	 0.617927
6561640.0 	 0.6133433
6570930.0 	 0.5873784
6572900.0 	 0.5818723
6573760.0 	 0.5794687
6580000.0 	 0.5620284
6580230.0 	 0.5613855
6589550.0 	 0.5353368
6592600.0 	 0.5268122
6598900.0 	 0.5405605
6600000.0 	 0.542961
6608260.0 	 0.5609864
6617650.0 	 0.5814779
6620000.0 	 0.5866061
6625000.0 	 0.5975174
6627050.0 	 0.6019996
6636480.0 	 0.6226176
6640000.0 	 0.6303138
6645920.0 	 0.6432574
6653020.0 	 0.6587811
6657760.0 	 0.6691447
6667250.0 	 0.6898939
6670000.0 	 0.6959065
6672000.0 	 0.7002793
6672300.0 	 0.7009352
6673220.0 	 0.7029468
6680000.0 	 0.7177708
6681520.0 	 0.7210941
6686290.0 	 0.7315234
6690000.0 	 0.7396349
6691060.0 	 0.7419526
6695840.0 	 0.7524037
6700630.0 	 0.7628767
6705410.0 	 0.7733278
6708900.0 	 0.7809584
6710000.0 	 0.7776101
6710210.0 	 0.7769709
6715010.0 	 0.7623604
6719810.0 	 0.7477498
6720000.0 	 0.7471715
6724620.0 	 0.7331088
6730000.0 	 0.7167328
6734250.0 	 0.7037964
6739080.0 	 0.6890946
6740000.0 	 0.6862942
6743910.0 	 0.6743926
6750000.0 	 0.6558555
6750920.0 	 0.6530675
6750922.0 	 0.6530614
6757220.0 	 0.6339753
6760000.0 	 0.6255504
6764500.0 	 0.6119131
6771780.0 	 0.589851
6773000.0 	 0.5861537
6779090.0 	 0.5830525
6780000.0 	 0.5825891
6786400.0 	 0.57933
6790400.0 	 0.577293
6793720.0 	 0.5756024
6794400.0 	 0.5752561
6794436.0 	 0.5752377
6800000.0 	 0.5724044
6801060.0 	 0.5718646
6808400.0 	 0.5681268
6815760.0 	 0.5643789
6820000.0 	 0.5622196
6823140.0 	 0.5606207
6830520.0 	 0.5568625
6837920.0 	 0.5530941
6840000.0 	 0.552035
6845320.0 	 0.5493258
6852740.0 	 0.5455473
6857800.0 	 0.5429706
6859700.0 	 0.542003
6859707.0 	 0.5419995
6860000.0 	 0.5418502
6860180.0 	 0.5417586
6867620.0 	 0.5379699
6875000.0 	 0.5342117
6875080.0 	 0.5341726
6882540.0 	 0.5305268
6890030.0 	 0.5268663
6897520.0 	 0.5232059
6905020.0 	 0.5195405
6912540.0 	 0.5158654
6920000.0 	 0.5122195
6920070.0 	 0.5121853
6927610.0 	 0.5085004
6932200.0 	 0.5062572
6932231.0 	 0.506242
6935170.0 	 0.5049358
6937400.0 	 0.5039447
6940000.0 	 0.5076588
6942740.0 	 0.5115728
6950000.0 	 0.5219438
6950320.0 	 0.522401
6951900.0 	 0.524658
6951916.0 	 0.5246808
6957910.0 	 0.5332432
6960000.0 	 0.5362288
6965510.0 	 0.5440999
6973130.0 	 0.5549851
6980000.0 	 0.5647989
6980760.0 	 0.5658845
6988400.0 	 0.5767983
6996060.0 	 0.5877407
7000000.0 	 0.593369
7001500.0 	 0.5952835
7003720.0 	 0.6055331
7011400.0 	 0.6409913
7019100.0 	 0.6765419
7020000.0 	 0.6806972
7026800.0 	 0.7120924
7034520.0 	 0.7477353
7040000.0 	 0.7730363
7042250.0 	 0.7834244
7049600.0 	 0.817359
7049990.0 	 0.8154621
7057750.0 	 0.777719
7060000.0 	 0.7667754
7066820.0 	 0.7336043
7077200.0 	 0.6831179
7080000.0 	 0.6694993
7087600.0 	 0.6325343
7091900.0 	 0.61162
7093850.0 	 0.6021355
7093855.0 	 0.6021112
7098030.0 	 0.5818048
7100000.0 	 0.5722232
7107300.0 	 0.5367174
7107324.0 	 0.5366006
7108480.0 	 0.5309781
7109800.0 	 0.5245578
7115700.0 	 0.5204992
7118960.0 	 0.5182566
7120000.0 	 0.5175412
7125000.0 	 0.5141017
7127000.0 	 0.5127527
7127009.0 	 0.5127466
7129460.0 	 0.5112359
7135000.0 	 0.507821
7137400.0 	 0.5063417
7140000.0 	 0.5048256
7150520.0 	 0.4986909
7160000.0 	 0.4931628
7161090.0 	 0.4925272
7161900.0 	 0.4920549
7171680.0 	 0.5389949
7176700.0 	 0.5630888
7176740.0 	 0.5632808
7182300.0 	 0.5899665
7192930.0 	 0.6409861
7200000.0 	 0.6749193
7203600.0 	 0.6921978
7214000.0 	 0.7421135
7214280.0 	 0.7410894
7220000.0 	 0.7201678
7224990.0 	 0.7019165
7235730.0 	 0.6626337
7240000.0 	 0.6470157
7245140.0 	 0.6282156
7250000.0 	 0.6104396
7253220.0 	 0.5988096
7260000.0 	 0.5743213
7261320.0 	 0.5695536
7261700.0 	 0.5681811
7266100.0 	 0.5522891
7269430.0 	 0.5529589
7277550.0 	 0.5545922
7280000.0 	 0.5550852
7285690.0 	 0.5562297
7293840.0 	 0.5578691
7300000.0 	 0.5591082
7302000.0 	 0.5595106
7310180.0 	 0.561156
7318370.0 	 0.5628035
7326580.0 	 0.564455
7334800.0 	 0.5661085
7340000.0 	 0.5671545
7343030.0 	 0.567764
7351280.0 	 0.5694236
7360000.0 	 0.5711777
7367810.0 	 0.5727486
7375000.0 	 0.574195
7376100.0 	 0.5744716
7380000.0 	 0.5754524
7384410.0 	 0.5765614
7392720.0 	 0.5786513
7400000.0 	 0.5804821
7401050.0 	 0.5807462
7409400.0 	 0.5828461
7417760.0 	 0.5849484
7420000.0 	 0.5855117
7426130.0 	 0.5870533
7434520.0 	 0.5891633
7440000.0 	 0.5905415
7442920.0 	 0.5912757
7451340.0 	 0.5933932
7460000.0 	 0.5955711
7462590.0 	 0.5962224
7476680.0 	 0.5997659
7480000.0 	 0.6006008
7490810.0 	 0.6033193
7500000.0 	 0.6056304
7504980.0 	 0.6062662
7514600.0 	 0.6074944
7519190.0 	 0.6134815
7520000.0 	 0.614538
7533450.0 	 0.6320819
7540000.0 	 0.6406256
7547740.0 	 0.6507215
7550000.0 	 0.6536694
7562080.0 	 0.6693999
7576450.0 	 0.6881125
7578800.0 	 0.6911726
7580000.0 	 0.6894932
7590870.0 	 0.6742814
7600000.0 	 0.6615045
7605330.0 	 0.6540455
7620000.0 	 0.6335158
7625000.0 	 0.6265186
7626400.0 	 0.6244657
7634370.0 	 0.6127791
7640000.0 	 0.6045238
7647100.0 	 0.5941128
7647108.0 	 0.5941011
7649000.0 	 0.5914123
7660000.0 	 0.57578
7663580.0 	 0.5706924
7678250.0 	 0.5498446
7680000.0 	 0.5473577
7682000.0 	 0.5445154
7683000.0 	 0.5430943
7684400.0 	 0.5442367
7684406.0 	 0.5442415
7692960.0 	 0.551615
7700000.0 	 0.5576833
7707710.0 	 0.5643292
7718600.0 	 0.5737162
7720000.0 	 0.574923
7722500.0 	 0.5770781
7737340.0 	 0.58987
7740000.0 	 0.5921628
7750000.0 	 0.6007827
7752220.0 	 0.6025792
7760000.0 	 0.6088753
7767150.0 	 0.6146615
7780000.0 	 0.6250605
7782110.0 	 0.626768
7797120.0 	 0.6389151
7800000.0 	 0.6412456
7803300.0 	 0.6439162
7812180.0 	 0.6439703
7820000.0 	 0.644018
7834840.0 	 0.6441084
7840000.0 	 0.6441399
7860000.0 	 0.6442618
7865220.0 	 0.6442937
7875000.0 	 0.6443532
7900000.0 	 0.6431806
7907500.0 	 0.6428288
7920000.0 	 0.6681289
7926500.0 	 0.681285
7940000.0 	 0.7086091
7957410.0 	 0.7438472
7960000.0 	 0.7490894
7967600.0 	 0.7644718
7980000.0 	 0.7593724
8000000.0 	 0.7511473
8019780.0 	 0.742212
8030000.0 	 0.7375952
8051240.0 	 0.7280002
8060000.0 	 0.724043
8071800.0 	 0.7187125
8080000.0 	 0.7073874
8080200.0 	 0.7071112
8082880.0 	 0.7034826
8114720.0 	 0.6603725
8120000.0 	 0.6532235
8140000.0 	 0.6261443
8146740.0 	 0.6170186
8160000.0 	 0.5990651
8176100.0 	 0.5772663
8178950.0 	 0.5766749
8211360.0 	 0.5699495
8219000.0 	 0.5683641
8219009.0 	 0.5683623
8220000.0 	 0.5681875
8240000.0 	 0.5646592
8243960.0 	 0.5639606
8250000.0 	 0.562895
8260000.0 	 0.5616384
8280000.0 	 0.5591252
8309750.0 	 0.5553867
8320000.0 	 0.5540987
8342940.0 	 0.551216
8360000.0 	 0.5490722
8376330.0 	 0.5470201
8400000.0 	 0.5440457
8409930.0 	 0.5427979
8420000.0 	 0.5415325
8443720.0 	 0.5385518
8460000.0 	 0.536506
8477730.0 	 0.534278
8480000.0 	 0.5339928
8500000.0 	 0.5314795
8511930.0 	 0.5297483
8520000.0 	 0.5285772
8540000.0 	 0.5256748
8546350.0 	 0.5247532
8556800.0 	 0.5232368
8560000.0 	 0.5228466
8580000.0 	 0.5204082
8584900.0 	 0.5198108
8600000.0 	 0.5113017
8615820.0 	 0.5023869
8620000.0 	 0.5000313
8628300.0 	 0.4953541
8640000.0 	 0.4889661
8650870.0 	 0.4830311
8660000.0 	 0.4780462
8680000.0 	 0.4671263
8686140.0 	 0.463774
8700000.0 	 0.4562065
8716300.0 	 0.4473068
8716314.0 	 0.4472992
8721620.0 	 0.4445239
8740000.0 	 0.4349104
8745300.0 	 0.4321383
8750000.0 	 0.4375658
8757330.0 	 0.4463885
8760000.0 	 0.4496022
8770000.0 	 0.4616386
8780000.0 	 0.473675
8793250.0 	 0.4896232
8800000.0 	 0.4977478
8820000.0 	 0.5218205
8829400.0 	 0.5331347
8851000.0 	 0.5591333
8851001.0 	 0.5591345
8865770.0 	 0.5769351
8898700.0 	 0.6166244
8902370.0 	 0.621163
8939190.0 	 0.6666977
8980000.0 	 0.7171666
8981800.0 	 0.7193927
9000000.0 	 0.6927345
9013540.0 	 0.6731376
9051060.0 	 0.618834
9088820.0 	 0.5641828
9130100.0 	 0.5044371
9165050.0 	 0.5234368
9203530.0 	 0.5443556
9225000.0 	 0.5560273
9225016.0 	 0.556036
9242250.0 	 0.5657692
9250000.0 	 0.5701461
9281220.0 	 0.5863233
9320430.0 	 0.6066406
9324480.0 	 0.6087393
9338600.0 	 0.6162497
9350010.0 	 0.6169076
9369800.0 	 0.6180486
9389660.0 	 0.6191938
9409590.0 	 0.6203429
9429570.0 	 0.6214949
9459670.0 	 0.6232305
9500000.0 	 0.6255559
9500030.0 	 0.6255563
9540650.0 	 0.6260072
9575100.0 	 0.6263898
9581530.0 	 0.6260672
9622680.0 	 0.6240033
9664090.0 	 0.6219263
9698800.0 	 0.6201853
9705770.0 	 0.6198357
9747730.0 	 0.6177311
9750000.0 	 0.6176173
9789960.0 	 0.6137491
9812600.0 	 0.6115576
9832460.0 	 0.6101815
9875250.0 	 0.6072166
9939950.0 	 0.6027337
1.0E7 	 0.598573
1.00272E7 	 0.6000622
1.01157E7 	 0.6049075
1.02053E7 	 0.6098133
10250000000	 0.6122606
1.02961E7 	 0.6138589
1.0346E7 	 0.6155891
1.03881E7 	 0.6170487
1.04814E7 	 0.6202836
1.05E7 	 0.6209285
1.0576E7 	 0.6170256
1.06718E7 	 0.6121059
1.0673E7 	 0.6120442
10750000000	 0.60809
1.0769E7 	 0.6067354
1.08675E7 	 0.5997131
1.0953E7 	 0.5936176
1.09674E7 	 0.5927946
1.1E7 	 0.5909316
1.10686E7 	 0.589132
1.11713E7 	 0.5864379
11250000000	 0.5843735
1.13E7 	 0.5836171
1.1381E7 	 0.5823918
1.14881E7 	 0.5807717
1.15E7 	 0.5805916
1.15967E7 	 0.57628
1.17069E7 	 0.5713665
11750000000	 0.5694448
1.18187E7 	 0.5671521
1.2E7 	 0.5611015
1.20037E7 	 0.5610839
1.200372E7 	 0.5610839
1.20182E7 	 0.5610155
1.201822E7 	 0.5610153
1.20471E7 	 0.5608789
1.21638E7 	 0.5603274
12250000000	 0.5599201
1.22823E7 	 0.5598262
1.24024E7 	 0.5594765
1.2445E7 	 0.5593526
1.25E7 	 0.5589813
1.25052E7 	 0.5588344
1.25244E7 	 0.5582923
1.26482E7 	 0.5547965
12750000000	 0.5519219
1.27738E7 	 0.5512906
1.29014E7 	 0.5479059
1.3E7 	 0.5452905
1.30308E7 	 0.5453447
1.3125E7 	 0.5455101
1.31623E7 	 0.5453557
13250000000	 0.5449926
1.32957E7 	 0.539658
1.3375E7 	 0.5304011
1.34313E7 	 0.5234998
1.35E7 	 0.5150786
1.35689E7 	 0.5087906
1.3625E7 	 0.5036707
1.37086E7 	 0.4969035
13750000000	 0.4935523
1.38506E7 	 0.4828159
1.3875E7 	 0.480212
1.38966E7 	 0.4781299
1.39947E7 	 0.4686739
1.4E7 	 0.4681631
1.4125E7 	 0.4587394
1.41412E7 	 0.4574426
14250000000	 0.4487332
1.42899E7 	 0.4455633
1.4375E7 	 0.4388021
1.44411E7 	 0.4332487
1.45E7 	 0.4283003
1.4512E7 	 0.4273789
1.45947E7 	 0.4214208
1.4625E7 	 0.4192379
14750000000	 0.4105036
1.47507E7 	 0.4104283
1.4875E7 	 0.3970611
1.49094E7 	 0.3934346
1.5E7 	 0.3838831
1.50705E7 	 0.3768795
1.52344E7 	 0.3605973
15250000000	 0.3590476
1.54009E7 	 0.3451375
1.55E7 	 0.3360024
1.55703E7 	 0.3307509
1.57424E7 	 0.3178946
15750000000	 0.3173269
1.59175E7 	 0.3060162
1.6E7 	 0.3004452
1.60955E7 	 0.2937755
16250000000	 0.2829852
1.62765E7 	 0.2811632
1.64606E7 	 0.2685049
1.65E7 	 0.2657958
1.66479E7 	 0.2609888
16750000000	 0.2576704
1.68385E7 	 0.2548889
1.7E7 	 0.2498131
1.70324E7 	 0.2484089
1.72296E7 	 0.2398623
17250000000	 0.2389782
1.74304E7 	 0.2315448
1.75E7 	 0.2286769
1.76347E7 	 0.2263207
17750000000	 0.2243038
1.779599E7 	 0.2235916
1.779601E7 	 0.2235913
1.779629E7 	 0.223587
1.77963E7 	 0.2235868
1.78426E7 	 0.2228699
1.8E7 	 0.2204325
1.80543E7 	 0.2194451
18250000000	 0.2158865
1.82698E7 	 0.2155425
1.84892E7 	 0.2117306
1.85E7 	 0.211543
1.87127E7 	 0.2103174
18750000000	 0.2101024
1.89403E7 	 0.2091758
1.9E7 	 0.2088851
1.9172E7 	 0.2076683
19250000000	 0.2071165
1.94081E7 	 0.2059996
1.95E7 	 0.2053504
1.96487E7 	 0.2042999
2.0E7 	 0.2018181
