0.000000 9655.265217
0.114000 11887.505000
0.228000 12509.233913
0.342000 12557.845543
0.456000 11240.848261
0.570000 9687.950543
0.684000 9920.355652
0.798000 8849.613261
0.912000 8578.111304
1.026000 7837.005652
1.140000 7817.743478
1.254000 7436.351630
1.368000 6830.940435
1.482000 6412.415000
1.596000 5847.011522
1.710000 5744.526087
1.824000 5528.368696
1.938000 5273.786848
2.052000 5159.512391
2.166000 4989.275000
2.280000 4640.256522
2.394000 4228.125543
2.508000 3652.979130
2.622000 3513.536196
2.736000 3418.189565
2.850000 3293.247283
2.964000 3527.540652
3.078000 3556.188261
3.192000 3607.862174
3.306000 3502.460217
3.420000 3079.471739
3.534000 2867.008913
3.648000 2698.903913
3.762000 2484.627065
3.876000 2483.948261
3.990000 2385.807065
4.104000 2352.716957
4.218000 2262.029783
4.332000 2199.944783
4.446000 2239.961957
4.560000 2148.763043
4.674000 2181.825978
4.788000 2168.380435
4.902000 2150.277500
5.016000 2150.290000
5.130000 2116.046739
5.244000 1951.426087
5.358000 1845.735543
5.472000 1853.051739
5.586000 1896.282717
5.700000 1831.925000
5.814000 1623.476304
5.928000 1450.303913
6.042000 1271.920326
6.156000 1139.861957
6.270000 989.530435
6.384000 909.450870
6.498000 914.623478
6.612000 993.219130
6.726000 933.093152
6.840000 797.326087
6.954000 748.749239
7.068000 737.391304
7.182000 736.338478
7.296000 742.400435
7.410000 784.908152
7.524000 805.321087
7.638000 792.761848
7.752000 785.725217
7.866000 717.554891
7.980000 651.795652
8.094000 637.821630
8.208000 612.113913
8.322000 555.873913
8.436000 497.014783
8.550000 479.155978
8.664000 430.486522
8.778000 433.640761
8.892000 396.563696
9.006000 371.721196
9.120000 394.504348
9.234000 409.771087
9.348000 398.294130
9.462000 393.429891
9.576000 394.229565
9.690000 352.772283
9.804000 310.991522
9.918000 312.995543
10.032000 304.408261
10.146000 288.068261
10.260000 268.403261
10.374000 238.050761
10.488000 194.968261
10.602000 150.195000
10.716000 112.670000
10.830000 61.987500
10.944000 0.000000