3999165.0 	 0.0
4000000.0 	 1.583992E-6
4001600.0 	 4.619188E-6
4004900.0 	 1.087928E-5
4008220.0 	 1.717731E-5
4011530.0 	 2.345637E-5
4014850.0 	 2.97544E-5
4018180.0 	 3.60714E-5
4021510.0 	 4.23884E-5
4022700.0 	 4.464582E-5
4024840.0 	 4.87054E-5
4028180.0 	 5.504137E-5
4030700.0 	 5.98218E-5
4031280.0 	 6.090264E-5
4031283.0 	 6.090823E-5
4031520.0 	 6.171963E-5
4034860.0 	 7.315455E-5
4038210.0 	 8.462371E-5
4040000.0 	 9.075201E-5
4041570.0 	 9.61271E-5
4044930.0 	 1.076305E-4
4048290.0 	 1.191339E-4
4051650.0 	 1.306373E-4
4055020.0 	 1.421749E-4
4058400.0 	 1.537467E-4
4061300.0 	 1.636752E-4
4061780.0 	 1.653186E-4
4064600.0 	 1.749733E-4
4066860.0 	 1.827106E-4
4069110.0 	 1.904139E-4
4071380.0 	 1.981855E-4
4073640.0 	 2.059228E-4
4075900.0 	 2.136603E-4
4078170.0 	 2.214319E-4
4080000.0 	 2.276972E-4
4080440.0 	 2.292035E-4
4082710.0 	 2.369752E-4
4084980.0 	 2.447468E-4
4087830.0 	 2.545042E-4
4091240.0 	 2.661788E-4
4094660.0 	 2.778875E-4
4096400.0 	 2.838447E-4
4098090.0 	 2.896306E-4
4100000.0 	 2.961697E-4
4101520.0 	 3.013736E-4
4104380.0 	 3.111652E-4
4106670.0 	 3.190054E-4
4108960.0 	 3.268454E-4
4111250.0 	 3.346855E-4
4113550.0 	 3.425599E-4
4115850.0 	 3.504342E-4
4118150.0 	 3.583086E-4
4120450.0 	 3.661829E-4
4122760.0 	 3.740915E-4
4125060.0 	 3.819659E-4
4127950.0 	 3.918602E-4
4131410.0 	 4.037058E-4
4134890.0 	 4.156201E-4
4136400.0 	 4.207898E-4
4138360.0 	 4.275001E-4
4140000.0 	 4.331148E-4
4141840.0 	 4.394143E-4
4145320.0 	 4.513286E-4
4148810.0 	 4.632771E-4
4152310.0 	 4.752597E-4
4155220.0 	 4.852225E-4
4157550.0 	 4.931996E-4
4159890.0 	 5.012108E-4
4162230.0 	 5.092222E-4
4164570.0 	 5.172334E-4
4166910.0 	 5.252447E-4
4169250.0 	 5.33256E-4
4171600.0 	 5.413015E-4
4173940.0 	 5.493128E-4
4176290.0 	 5.573583E-4
4178640.0 	 5.654039E-4
4180000.0 	 5.7006E-4
4181000.0 	 5.708096E-4
4183350.0 	 5.725708E-4
4185710.0 	 5.743396E-4
4186100.0 	 5.746319E-4
4188070.0 	 5.761085E-4
4190430.0 	 5.778773E-4
4192790.0 	 5.796461E-4
4195160.0 	 5.814225E-4
4197530.0 	 5.831987E-4
4199900.0 	 5.849751E-4
4202270.0 	 5.867514E-4
4204640.0 	 5.885276E-4
4207020.0 	 5.903115E-4
4209390.0 	 5.920878E-4
4211770.0 	 5.938716E-4
4214150.0 	 5.956555E-4
4216540.0 	 5.974467E-4
4218920.0 	 5.992305E-4
4220000.0 	 6.0004E-4
4221000.0 	 6.1007E-4
4221310.0 	 6.102292E-4
4223700.0 	 6.11456E-4
4226090.0 	 6.126828E-4
4228490.0 	 6.139148E-4
4230880.0 	 6.151417E-4
4233280.0 	 6.163737E-4
4235680.0 	 6.176058E-4
4238680.0 	 6.191457E-4
4240000.0 	 6.198233E-4
4242290.0 	 6.209988E-4
4245900.0 	 6.22852E-4
4249520.0 	 6.247102E-4
4253140.0 	 6.265685E-4
4256760.0 	 6.284268E-4
4259300.0 	 6.297306E-4
4260000.0 	 6.3009E-4
4260390.0 	 6.303826E-4
4264030.0 	 6.331135E-4
4267670.0 	 6.358444E-4
4271310.0 	 6.385753E-4
4274960.0 	 6.413137E-4
4278620.0 	 6.440596E-4
4282280.0 	 6.468056E-4
4283600.0 	 6.477959E-4
4285940.0 	 6.495515E-4
4289610.0 	 6.523049E-4
4293280.0 	 6.550583E-4
4296960.0 	 6.578192E-4
4300640.0 	 6.652204E-4
4304330.0 	 6.947421E-4
4308020.0 	 7.24264E-4
4309000.0 	 7.321045E-4
4311710.0 	 7.537859E-4
4315410.0 	 7.833877E-4
4319120.0 	 8.130695E-4
4322830.0 	 8.427514E-4
4326550.0 	 8.725133E-4
4330270.0 	 9.022752E-4
4333990.0 	 9.32037E-4
4337720.0 	 9.618789E-4
4340000.0 	 9.8012E-4
4341460.0 	 9.947185E-4
4342100.0 	 0.001001118
4345200.0 	 0.001032115
4348940.0 	 0.001069511
4352690.0 	 0.001107007
4355820.0 	 0.001138304
4358320.0 	 0.001163302
4360000.0 	 0.0011801
4360830.0 	 0.001190268
4363340.0 	 0.001221015
4366480.0 	 0.00125948
4370250.0 	 0.001305663
4374030.0 	 0.001351968
4377810.0 	 0.001398273
4381600.0 	 0.0014447
4384100.0 	 0.001475325
4385390.0 	 0.001491128
4389190.0 	 0.001537678
4392990.0 	 0.001584228
4396790.0 	 0.001630778
4400000.0 	 0.0016701
4400610.0 	 0.001675329
4404420.0 	 0.001707986
4408240.0 	 0.001740729
4412070.0 	 0.001773558
4415660.0 	 0.001804329
4415900.0 	 0.001806386
4417100.0 	 0.001816673
4419740.0 	 0.001839301
4421000.0 	 0.001850101
4423580.0 	 0.001875251
4427430.0 	 0.001912781
4431280.0 	 0.001950311
4435130.0 	 0.001987841
4439000.0 	 0.002025566
4442860.0 	 0.002063195
4446730.0 	 0.00210092
4450610.0 	 0.002138742
4454490.0 	 0.002176564
4458380.0 	 0.002214485
4462100.0 	 0.002250747
4462270.0 	 0.002252405
4466170.0 	 0.002290422
4470070.0 	 0.00232844
4473980.0 	 0.002366555
4477890.0 	 0.00240467
4480000.0 	 0.002425238
4481810.0 	 0.002442882
4485730.0 	 0.002481094
4489660.0 	 0.002519405
4493590.0 	 0.002557715
4497530.0 	 0.002596122
4500000.0 	 0.0026202
4501480.0 	 0.00263944
4503000.0 	 0.002659201
4505420.0 	 0.00269066
4509380.0 	 0.00274214
4512680.0 	 0.00278504
4515320.0 	 0.00281936
4517960.0 	 0.00285368
4520000.0 	 0.0028802
4520610.0 	 0.0028924
4523260.0 	 0.0029454
4525910.0 	 0.0029984
4526000.0 	 0.0030002
4528560.0 	 0.0030514
4531220.0 	 0.0031046
4533880.0 	 0.0031578
4536540.0 	 0.003211
4539200.0 	 0.0032642
4540000.0 	 0.0032802
4541870.0 	 0.00330451
4544530.0 	 0.00333909
4547200.0 	 0.0033738
4549880.0 	 0.00340864
4552550.0 	 0.00344335
4555230.0 	 0.00347819
4557910.0 	 0.00351303
4560000.0 	 0.0035402
4560590.0 	 0.003551115
4563270.0 	 0.003600695
4565960.0 	 0.00365046
4568650.0 	 0.003700225
4571340.0 	 0.00374999
4572600.0 	 0.0037733
4574030.0 	 0.003799755
4576730.0 	 0.003849705
4579430.0 	 0.003899655
4580000.0 	 0.0039102
4582130.0 	 0.003949605
4585510.0 	 0.004012135
4589570.0 	 0.004087245
4593630.0 	 0.004162355
4597700.0 	 0.00423765
4600000.0 	 0.0042802
4601780.0 	 0.00431936
4605860.0 	 0.00440912
4609950.0 	 0.0044991
4614040.0 	 0.00458908
4618140.0 	 0.00467928
4620000.0 	 0.0047202
4622240.0 	 0.00478068
4626350.0 	 0.00489165
4630470.0 	 0.00500289
4634590.0 	 0.00511413
4638710.0 	 0.00522537
4640000.0 	 0.0052602
4642850.0 	 0.00533715
4646980.0 	 0.00544866
4651120.0 	 0.00556044
4655270.0 	 0.00567249
4659430.0 	 0.00578481
4660000.0 	 0.0058002
4663590.0 	 0.005895934
4663600.0 	 0.0058962
4667750.0 	 0.006006867
4671920.0 	 0.006118067
4676100.0 	 0.006229533
4680280.0 	 0.006341
4684460.0 	 0.006452466
4688660.0 	 0.006564466
4692160.0 	 0.0066578
4694960.0 	 0.006732466
4697760.0 	 0.006807133
4700000.0 	 0.006866867
4700570.0 	 0.006882067
4703380.0 	 0.006957
4706190.0 	 0.007031934
4709000.0 	 0.007106867
4711820.0 	 0.007182067
4714640.0 	 0.007257267
4717460.0 	 0.007332466
4720000.0 	 0.0074002
4720280.0 	 0.00740895
4723110.0 	 0.007497392
4723200.0 	 0.007500204
4725940.0 	 0.007585832
4728770.0 	 0.007674274
4731600.0 	 0.007762714
4734440.0 	 0.007851468
4737280.0 	 0.007940221
4740000.0 	 0.008025225
4740120.0 	 0.008028975
4742970.0 	 0.008118042
4746530.0 	 0.008229295
4750800.0 	 0.008362738
4755090.0 	 0.008496806
4759370.0 	 0.008630561
4763670.0 	 0.008764942
4767970.0 	 0.008899323
4772270.0 	 0.009033703
4775600.0 	 0.009137769
4776580.0 	 0.009168396
4777400.0 	 0.009194022
4780000.0 	 0.009275275
4780900.0 	 0.009303402
4781380.0 	 0.009318402
4781385.0 	 0.009318558
4783500.0 	 0.009384654
4785230.0 	 0.009438719
4789550.0 	 0.009573724
4793170.0 	 0.009686853
4796060.0 	 0.00977717
4798950.0 	 0.009867486
4800000.0 	 0.0099003
4801850.0 	 0.009955786
4804750.0 	 0.01004277
4807660.0 	 0.01013004
4809900.0 	 0.01019723
4810560.0 	 0.01021702
4813470.0 	 0.0103043
4816380.0 	 0.01039158
4819290.0 	 0.01047886
4820000.0 	 0.01050015
4822210.0 	 0.01056643
4825130.0 	 0.01065401
4828050.0 	 0.01074159
4830980.0 	 0.01082947
4833900.0 	 0.01091705
4836830.0 	 0.01100492
4839770.0 	 0.0110931
4840000.0 	 0.0111
4842400.0 	 0.011196
4842700.0 	 0.011208
4845640.0 	 0.0113256
4848580.0 	 0.0114432
4851520.0 	 0.0115608
4854470.0 	 0.0116788
4857410.0 	 0.0117964
4860000.0 	 0.0119
4860370.0 	 0.0119148
4863320.0 	 0.0120328
4864000.0 	 0.01206
4866280.0 	 0.0121512
4869240.0 	 0.0122696
4872200.0 	 0.012388
4875160.0 	 0.0125064
4878130.0 	 0.0126252
4880000.0 	 0.0127
4881100.0 	 0.01275133
4884070.0 	 0.01288993
4887050.0 	 0.013029
4890770.0 	 0.0132026
4895240.0 	 0.0134112
4896500.0 	 0.01347
4899720.0 	 0.01362027
4900000.0 	 0.01363333
4903460.0 	 0.0137948
4906460.0 	 0.0139348
4909450.0 	 0.01407433
4912450.0 	 0.01421433
4915450.0 	 0.01435433
4918460.0 	 0.0144948
4921460.0 	 0.0146348
4924470.0 	 0.01477527
4927490.0 	 0.0149162
4930500.0 	 0.01505667
4934270.0 	 0.0152326
4938810.0 	 0.01544447
4940000.0 	 0.0155
4943350.0 	 0.01567588
4947890.0 	 0.01591423
4952450.0 	 0.01615363
4954000.0 	 0.016235
4957000.0 	 0.0163925
4960000.0 	 0.01655
4961570.0 	 0.01663243
4966140.0 	 0.01687235
4970720.0 	 0.0171128
4975300.0 	 0.01735325
4979890.0 	 0.01759423
4980000.0 	 0.0176
4984490.0 	 0.01783573
4989090.0 	 0.01807723
4993700.0 	 0.01831925
4998320.0 	 0.0185618
5000000.0 	 0.01865
5002940.0 	 0.01880413
5006210.0 	 0.01897556
5006600.0 	 0.01899603
5007570.0 	 0.01904708
5012200.0 	 0.01929073
5016850.0 	 0.01953542
5020000.0 	 0.01970119
5021490.0 	 0.01977956
5026150.0 	 0.0200247
5029800.0 	 0.0202167
5030810.0 	 0.02026983
5034700.0 	 0.02047446
5037810.0 	 0.02063805
5040000.0 	 0.02075325
5040930.0 	 0.02080218
5044050.0 	 0.0209663
5047170.0 	 0.02113043
5049000.0 	 0.02122669
5049720.0 	 0.02126454
5049723.0 	 0.0212647
5050300.0 	 0.02129515
5053430.0 	 0.02146029
5056560.0 	 0.02162543
5059700.0 	 0.02179111
5062830.0 	 0.02195626
5065980.0 	 0.02212246
5069120.0 	 0.02228813
5072270.0 	 0.02245434
5075420.0 	 0.02262054
5078570.0 	 0.02278675
5080000.0 	 0.0228622
5081720.0 	 0.02295295
5084880.0 	 0.02311968
5088830.0 	 0.02332808
5093580.0 	 0.02357871
5098340.0 	 0.02382986
5100000.0 	 0.02391745
5103100.0 	 0.02406755
5107870.0 	 0.02429852
5111100.0 	 0.02445491
5112640.0 	 0.02452948
5117430.0 	 0.02476142
5122220.0 	 0.02499335
5127010.0 	 0.02522529
5131010.0 	 0.02541896
5134220.0 	 0.0255744
5137430.0 	 0.02572982
5140000.0 	 0.02585427
5140640.0 	 0.02588526
5143850.0 	 0.02604069
5147070.0 	 0.0261966
5150100.0 	 0.02634331
5150290.0 	 0.02635252
5153510.0 	 0.02650843
5154000.0 	 0.02653216
5156740.0 	 0.02658055
5158500.0 	 0.02661164
5158509.0 	 0.0266118
5159960.0 	 0.02663744
5160000.0 	 0.02663814
5163200.0 	 0.02669466
5166430.0 	 0.02675171
5169670.0 	 0.02680895
5172910.0 	 0.02686618
5176970.0 	 0.02693789
5181840.0 	 0.02702392
5186720.0 	 0.02711011
5191610.0 	 0.02719649
5194500.0 	 0.02724754
5196500.0 	 0.02728286
5200000.0 	 0.02734469
5201400.0 	 0.02731361
5206310.0 	 0.02720459
5211220.0 	 0.02709557
5216140.0 	 0.02698633
5217200.0 	 0.0269628
5220000.0 	 0.02690064
5221070.0 	 0.02687688
5226010.0 	 0.02676719
5230950.0 	 0.02665752
5235900.0 	 0.02654762
5240000.0 	 0.02645658
5240860.0 	 0.02641382
5245820.0 	 0.02616717
5250000.0 	 0.02595931
5250790.0 	 0.02592002
5255770.0 	 0.02567238
5260000.0 	 0.02546203
5260760.0 	 0.02540144
5265750.0 	 0.0250036
5270750.0 	 0.02460496
5272500.0 	 0.02446544
5275750.0 	 0.02420632
5280000.0 	 0.02386748
5280770.0 	 0.02380609
5285790.0 	 0.02340586
5290820.0 	 0.02300483
5295850.0 	 0.0226038
5300000.0 	 0.02227293
5300890.0 	 0.02223312
5305940.0 	 0.02200725
5311000.0 	 0.02178094
5316060.0 	 0.02155461
5320000.0 	 0.0213784
5321140.0 	 0.02132741
5326210.0 	 0.02110065
5331300.0 	 0.02087299
5336390.0 	 0.02064533
5340000.0 	 0.02048387
5341490.0 	 0.02052152
5346600.0 	 0.02065065
5351720.0 	 0.02078004
5352100.0 	 0.02078964
5356840.0 	 0.02090941
5360000.0 	 0.02098927
5361970.0 	 0.02114741
5367110.0 	 0.02156001
5372250.0 	 0.02197261
5375400.0 	 0.02222547
5377410.0 	 0.02238682
5382560.0 	 0.02280022
5387730.0 	 0.02321523
5392910.0 	 0.02363104
5398090.0 	 0.02404685
5399200.0 	 0.02413595
5400000.0 	 0.02420017
5400100.0 	 0.02421245
5401980.0 	 0.02444323
5401981.0 	 0.02444336
5403280.0 	 0.02460282
5408470.0 	 0.02523996
5413680.0 	 0.02587954
5418890.0 	 0.02651912
5420900.0 	 0.02676586
5421660.0 	 0.02685914
5421666.0 	 0.02685988
5424110.0 	 0.02716007
5428470.0 	 0.02769561
5431950.0 	 0.02812305
5435450.0 	 0.02855295
5438940.0 	 0.02898163
5440000.0 	 0.02911183
5442440.0 	 0.02948686
5445940.0 	 0.03002481
5449450.0 	 0.03056431
5449500.0 	 0.030572
5452950.0 	 0.03110227
5456470.0 	 0.03164329
5459980.0 	 0.03218279
5460000.0 	 0.03218586
5463500.0 	 0.03272381
5467020.0 	 0.03326484
5470550.0 	 0.03380741
5474080.0 	 0.03434998
5477610.0 	 0.03489254
5481150.0 	 0.03543665
5484690.0 	 0.03598076
5488230.0 	 0.03652485
5491770.0 	 0.03706897
5495000.0 	 0.03756542
5495320.0 	 0.0376146
5498880.0 	 0.03816179
5500000.0 	 0.03833393
5502430.0 	 0.03880864
5505990.0 	 0.03950413
5509560.0 	 0.04020155
5510000.0 	 0.0402875
5513120.0 	 0.04089701
5516690.0 	 0.04159444
5520000.0 	 0.04224108
5520270.0 	 0.04229382
5523850.0 	 0.04299319
5528320.0 	 0.04386644
5533700.0 	 0.04491747
5539090.0 	 0.04597044
5540000.0 	 0.04614821
5544480.0 	 0.04702341
5549880.0 	 0.04807835
5555300.0 	 0.04913719
5560000.0 	 0.05005536
5560710.0 	 0.05019406
5566140.0 	 0.05125485
5571580.0 	 0.05231761
5577020.0 	 0.05338034
5580000.0 	 0.05396251
5581500.0 	 0.05425554
5582250.0 	 0.05440206
5582254.0 	 0.05440284
5582470.0 	 0.05444505
5587930.0 	 0.0555117
5590000.0 	 0.05591608
5593390.0 	 0.05683207
5598870.0 	 0.05831278
5600000.0 	 0.05861811
5604350.0 	 0.05922753
5608100.0 	 0.05975289
5609840.0 	 0.05999666
5610000.0 	 0.06001907
5615340.0 	 0.06076718
5620000.0 	 0.06142003
5620850.0 	 0.06153911
5626360.0 	 0.06231104
5631890.0 	 0.06308578
5634100.0 	 0.06339539
5637420.0 	 0.06386051
5640000.0 	 0.06422195
5642960.0 	 0.06463664
5646800.0 	 0.06517461
5647520.0 	 0.06527548
5647525.0 	 0.06527617
5648510.0 	 0.06541417
5654060.0 	 0.0661917
5659630.0 	 0.06697204
5660000.0 	 0.06702387
5665200.0 	 0.06733638
5670000.0 	 0.06762484
5670780.0 	 0.06767172
5676370.0 	 0.06800766
5676800.0 	 0.0680335
5677570.0 	 0.06807975
5677571.0 	 0.06807982
5679900.0 	 0.06821981
5680680.0 	 0.06826672
5681970.0 	 0.06834433
5687570.0 	 0.06868128
5690000.0 	 0.06882749
5693190.0 	 0.06901944
5698810.0 	 0.06935758
5700000.0 	 0.06942918
5704440.0 	 0.06969634
5710080.0 	 0.07003569
5715720.0 	 0.07037505
5720000.0 	 0.07063257
5721200.0 	 0.07070478
5721380.0 	 0.0707156
5727050.0 	 0.07105677
5732720.0 	 0.07139792
5738400.0 	 0.07173969
5740000.0 	 0.07183596
5744090.0 	 0.0719373
5749790.0 	 0.07207853
5750000.0 	 0.07208373
5755490.0 	 0.07221961
5760000.0 	 0.07233123
5761210.0 	 0.07236117
5766930.0 	 0.07250274
5770600.0 	 0.07259358
5772660.0 	 0.07264456
5778410.0 	 0.07278688
5780000.0 	 0.07282622
5784150.0 	 0.07292894
5789910.0 	 0.0730715
5795680.0 	 0.0732143
5800000.0 	 0.07332122
5801460.0 	 0.07335734
5807240.0 	 0.07350041
5813030.0 	 0.0736437
5817400.0 	 0.07375186
5818830.0 	 0.07378726
5820000.0 	 0.07381621
5824640.0 	 0.07393106
5830460.0 	 0.07407509
5834800.0 	 0.0741825
5836290.0 	 0.07421939
5840000.0 	 0.0743112
5842130.0 	 0.07436392
5847970.0 	 0.07450846
5852850.0 	 0.07462924
5856760.0 	 0.07472601
5860000.0 	 0.0748062
5860670.0 	 0.07482277
5864580.0 	 0.07491954
5868500.0 	 0.07501657
5872420.0 	 0.07511358
5876350.0 	 0.07521085
5880000.0 	 0.07530119
5880280.0 	 0.07530812
5884210.0 	 0.07540539
5888150.0 	 0.0755029
5892090.0 	 0.0756004
5896040.0 	 0.07569817
5899990.0 	 0.07579593
5900000.0 	 0.07579618
5903940.0 	 0.0758937
5907900.0 	 0.07599171
5911860.0 	 0.07608971
5915830.0 	 0.07618796
5919800.0 	 0.07628623
5920000.0 	 0.07629117
5923770.0 	 0.07638448
5927750.0 	 0.07648298
5931730.0 	 0.07658149
5935720.0 	 0.07668023
5939710.0 	 0.07677899
5940000.0 	 0.07678617
5943700.0 	 0.07687774
5947700.0 	 0.07697674
5951700.0 	 0.07707573
5955710.0 	 0.07717499
5959720.0 	 0.07727423
5960000.0 	 0.07728116
5963730.0 	 0.07737354
5968760.0 	 0.07749814
5974790.0 	 0.07764751
5980000.0 	 0.07777655
5980840.0 	 0.07784251
5986900.0 	 0.07831834
5992960.0 	 0.07879417
5999030.0 	 0.07927079
6000000.0 	 0.07934696
6005120.0 	 0.07973787
6009900.0 	 0.08010283
6011210.0 	 0.08020285
6017310.0 	 0.08066857
6020000.0 	 0.08087396
6023420.0 	 0.08113508
6029540.0 	 0.08160235
6035670.0 	 0.08207037
6040000.0 	 0.08240097
6041810.0 	 0.08273583
6047960.0 	 0.08387359
6054120.0 	 0.08501322
6056700.0 	 0.08549053
6060000.0 	 0.08610103
6060280.0 	 0.08621793
6066460.0 	 0.08879792
6072650.0 	 0.09138209
6078840.0 	 0.09396627
6085050.0 	 0.09655879
6086600.0 	 0.09720588
6091260.0 	 0.09915131
6097490.0 	 0.1017522
6100000.0 	 0.1028
6103720.0 	 0.1019538
6109960.0 	 0.1005344
6116220.0 	 0.09911039
6120000.0 	 0.09825053
6122480.0 	 0.09768639
6128750.0 	 0.09626012
6135030.0 	 0.09483158
6140000.0 	 0.09370102
6141330.0 	 0.09370102
6147630.0 	 0.09370098
6153940.0 	 0.09370097
6160000.0 	 0.09370094
6160260.0 	 0.09382052
6167650.0 	 0.09721959
6176100.0 	 0.1011062
6180000.0 	 0.1029
6184580.0 	 0.1042282
6193070.0 	 0.1066903
6200000.0 	 0.1087
6201590.0 	 0.1089112
6210110.0 	 0.1100429
6213400.0 	 0.1104799
6215280.0 	 0.1107287
6215283.0 	 0.1107291
6218660.0 	 0.1111762
6220000.0 	 0.1113536
6222100.0 	 0.1116316
6227220.0 	 0.1123094
6235810.0 	 0.1134466
6236100.0 	 0.113485
6240000.0 	 0.1140013
6244410.0 	 0.107387
6250000.0 	 0.09900293
6253020.0 	 0.09908664
6260000.0 	 0.09928011
6261660.0 	 0.09932612
6267300.0 	 0.09948247
6270000.0 	 0.0995573
6270310.0 	 0.0995659
6272500.0 	 0.0996266
6273300.0 	 0.09964876
6273301.0 	 0.0996488
6278700.0 	 0.09979845
6278980.0 	 0.09982972
6280000.0 	 0.0999436
6280550.0 	 0.1000047
6280554.0 	 0.1000051
6281800.0 	 0.1001436
6282620.0 	 0.1002347
6282626.0 	 0.1002354
6285500.0 	 0.1005548
6289850.0 	 0.1010382
6290000.0 	 0.1010548
6294200.0 	 0.1015216
6298560.0 	 0.1020061
6300000.0 	 0.1021661
6302920.0 	 0.1024921
6306300.0 	 0.1028694
6307290.0 	 0.1029799
6310000.0 	 0.1032824
6311660.0 	 0.1034677
6316040.0 	 0.1039567
6320000.0 	 0.1043987
6320420.0 	 0.1044454
6324800.0 	 0.1049321
6329190.0 	 0.10542
6333590.0 	 0.105909
6337990.0 	 0.1063979
6340000.0 	 0.1066213
6342390.0 	 0.1080322
6346800.0 	 0.1106357
6351210.0 	 0.1132392
6353080.0 	 0.1143431
6353300.0 	 0.114473
6355630.0 	 0.1175824
6360000.0 	 0.1234142
6360050.0 	 0.1235222
6364480.0 	 0.1330918
6368910.0 	 0.1426614
6370000.0 	 0.145016
6373350.0 	 0.1594215
6377790.0 	 0.1785143
6380000.0 	 0.1880177
6382240.0 	 0.194738
6386690.0 	 0.2080887
6388200.0 	 0.212619
6391140.0 	 0.2214394
6395600.0 	 0.2348201
6400000.0 	 0.2480207
6400070.0 	 0.2478789
6404530.0 	 0.2388483
6409010.0 	 0.2297771
6413490.0 	 0.2207059
6417970.0 	 0.2116347
6420000.0 	 0.2075243
6422460.0 	 0.20413
6426950.0 	 0.1979346
6431450.0 	 0.1917254
6435950.0 	 0.1855162
6440000.0 	 0.179928
6440460.0 	 0.1802248
6444970.0 	 0.1831345
6449480.0 	 0.1860442
6454010.0 	 0.1889669
6458530.0 	 0.1918831
6460000.0 	 0.1928315
6463060.0 	 0.1958001
6464400.0 	 0.1971001
6469870.0 	 0.2024069
6478960.0 	 0.2112256
6480000.0 	 0.2122345
6488070.0 	 0.2096537
6497200.0 	 0.2067339
6500000.0 	 0.2058385
6502300.0 	 0.203933
6506340.0 	 0.2005859
6515510.0 	 0.1929888
6524500.0 	 0.1855409
6524700.0 	 0.1853752
6533900.0 	 0.1777532
6540000.0 	 0.1726995
6543130.0 	 0.1701064
6552380.0 	 0.162443
6560000.0 	 0.1561301
6561640.0 	 0.1556052
6570930.0 	 0.1526321
6572900.0 	 0.1520016
6573760.0 	 0.1517267
6580000.0 	 0.1497326
6580230.0 	 0.1497544
6589550.0 	 0.1506412
6592600.0 	 0.1509313
6598900.0 	 0.1515307
6600000.0 	 0.1516354
6608260.0 	 0.1573773
6617650.0 	 0.1639046
6620000.0 	 0.1655382
6627050.0 	 0.1671607
6636480.0 	 0.1693309
6640000.0 	 0.1701409
6645920.0 	 0.1786231
6653020.0 	 0.1887961
6657760.0 	 0.1955876
6662500.0 	 0.2023791
6667250.0 	 0.2091849
6670000.0 	 0.2131251
6672000.0 	 0.2159863
6672300.0 	 0.2164155
6673220.0 	 0.2177334
6676760.0 	 0.2228048
6680000.0 	 0.2274464
6681520.0 	 0.2264638
6686290.0 	 0.2233801
6690000.0 	 0.2209816
6691060.0 	 0.2202963
6695840.0 	 0.2172061
6700630.0 	 0.2141094
6705410.0 	 0.2110192
6708900.0 	 0.2087629
6710000.0 	 0.2080518
6710210.0 	 0.2078796
6710700.0 	 0.2074779
6715010.0 	 0.2039445
6719810.0 	 0.2000093
6720000.0 	 0.1998535
6724620.0 	 0.1998543
6729440.0 	 0.1998551
6730000.0 	 0.1998552
6734250.0 	 0.1998559
6739080.0 	 0.1998567
6740000.0 	 0.1998569
6743910.0 	 0.2045495
6749950.0 	 0.2117985
6750000.0 	 0.2118585
6750920.0 	 0.2129627
6750922.0 	 0.2129651
6757220.0 	 0.2205239
6760000.0 	 0.2238605
6764500.0 	 0.2315361
6771780.0 	 0.2439534
6773000.0 	 0.2460344
6779090.0 	 0.2564219
6780000.0 	 0.2579742
6786400.0 	 0.2786443
6790400.0 	 0.2915632
6793720.0 	 0.3022858
6794400.0 	 0.3044821
6794436.0 	 0.3045984
6800000.0 	 0.3225685
6801060.0 	 0.3201307
6808400.0 	 0.3032502
6815760.0 	 0.2863236
6820000.0 	 0.2765725
6823140.0 	 0.270356
6830520.0 	 0.2557452
6837920.0 	 0.2410949
6840000.0 	 0.2369769
6845320.0 	 0.2333072
6852740.0 	 0.2281888
6857800.0 	 0.2246984
6859700.0 	 0.2233877
6859707.0 	 0.2233829
6860000.0 	 0.2231808
6860180.0 	 0.2230566
6867620.0 	 0.2179245
6875080.0 	 0.2127785
6882540.0 	 0.2076325
6890030.0 	 0.2024658
6897520.0 	 0.1972992
6905020.0 	 0.1921256
6912540.0 	 0.1869383
6920000.0 	 0.1817923
6920070.0 	 0.1818504
6927610.0 	 0.1881102
6932200.0 	 0.1919208
6932231.0 	 0.1919465
6935170.0 	 0.1943865
6937400.0 	 0.1962379
6940000.0 	 0.1983964
6942740.0 	 0.2016027
6950000.0 	 0.2100984
6950320.0 	 0.2106104
6951900.0 	 0.2131388
6951916.0 	 0.2131644
6957910.0 	 0.222756
6960000.0 	 0.2261004
6965510.0 	 0.2234429
6973130.0 	 0.2197678
6980000.0 	 0.2164544
6980760.0 	 0.2160878
6988400.0 	 0.212403
6996060.0 	 0.2087086
7000000.0 	 0.2068083
7001500.0 	 0.2089466
7003720.0 	 0.2121112
7011400.0 	 0.223059
7019100.0 	 0.2340353
7020000.0 	 0.2353182
7026800.0 	 0.235968
7034520.0 	 0.2367057
7040000.0 	 0.2372293
7042250.0 	 0.2388945
7049600.0 	 0.2443341
7049990.0 	 0.2446227
7057750.0 	 0.2503658
7060000.0 	 0.252031
7066820.0 	 0.2542477
7077200.0 	 0.2576213
7080000.0 	 0.2585314
7087600.0 	 0.2487288
7091900.0 	 0.2431826
7093850.0 	 0.2406693
7093855.0 	 0.2406629
7098030.0 	 0.2352821
7100000.0 	 0.2327431
7107300.0 	 0.218948
7107324.0 	 0.2189026
7108480.0 	 0.2167181
7109800.0 	 0.2142236
7115700.0 	 0.2030742
7118960.0 	 0.1969109
7120000.0 	 0.1949446
7127000.0 	 0.1920437
7127009.0 	 0.1920399
7129460.0 	 0.1910242
7135000.0 	 0.1887283
7137400.0 	 0.1877337
7139980.0 	 0.1866644
7140000.0 	 0.1866562
7150520.0 	 0.192969
7160000.0 	 0.1986577
7161090.0 	 0.2006201
7161900.0 	 0.2020784
7171680.0 	 0.2196856
7176700.0 	 0.2287232
7176740.0 	 0.2287952
7182300.0 	 0.238805
7192930.0 	 0.2579426
7200000.0 	 0.2706709
7203600.0 	 0.2706712
7214000.0 	 0.2706723
7214280.0 	 0.2706723
7217200.0 	 0.2706726
7220000.0 	 0.2706729
7224990.0 	 0.2737932
7235730.0 	 0.2805091
7240000.0 	 0.2831792
7245140.0 	 0.2863933
7253220.0 	 0.2914459
7260000.0 	 0.2956855
7261320.0 	 0.2958111
7261700.0 	 0.2958471
7266100.0 	 0.2962654
7269430.0 	 0.296582
7277550.0 	 0.2973539
7280000.0 	 0.2975868
7285690.0 	 0.2931492
7293840.0 	 0.2867929
7300000.0 	 0.2819886
7302000.0 	 0.2809158
7310180.0 	 0.2765278
7318370.0 	 0.2721346
7326580.0 	 0.2677306
7334800.0 	 0.2633212
7340000.0 	 0.2605318
7343030.0 	 0.2589064
7351280.0 	 0.254481
7359540.0 	 0.2500501
7360000.0 	 0.2498034
7367810.0 	 0.2501945
7376100.0 	 0.2506097
7380000.0 	 0.250805
7384410.0 	 0.253652
7392720.0 	 0.2590167
7400000.0 	 0.2637165
7401050.0 	 0.2633805
7409400.0 	 0.2607092
7417760.0 	 0.2580347
7420000.0 	 0.2573181
7426130.0 	 0.2660845
7434520.0 	 0.2780828
7440000.0 	 0.2859196
7442920.0 	 0.2880821
7451340.0 	 0.2943177
7460000.0 	 0.300731
7462590.0 	 0.2941384
7476680.0 	 0.2582735
7480000.0 	 0.2498227
7490810.0 	 0.2223067
7500000.0 	 0.1989143
7504980.0 	 0.199232
7514600.0 	 0.1998456
7519190.0 	 0.2001383
7520000.0 	 0.20019
7533450.0 	 0.2046509
7540000.0 	 0.2068233
7547740.0 	 0.2093904
7550000.0 	 0.2101399
7562080.0 	 0.2218817
7576450.0 	 0.2358494
7578800.0 	 0.2381336
7580000.0 	 0.2393
7590870.0 	 0.2478873
7600000.0 	 0.2550999
7605330.0 	 0.2555823
7619830.0 	 0.2568946
7620000.0 	 0.25691
7626400.0 	 0.2548939
7634370.0 	 0.2523833
7640000.0 	 0.2506099
7647100.0 	 0.2578164
7647108.0 	 0.2578245
7648950.0 	 0.2596942
7649000.0 	 0.2597449
7660000.0 	 0.27091
7663580.0 	 0.2788397
7678250.0 	 0.3113337
7680000.0 	 0.3152099
7682000.0 	 0.3161298
7683000.0 	 0.3183903
7684400.0 	 0.3215551
7684406.0 	 0.3215686
7692960.0 	 0.3409051
7700000.0 	 0.3568191
7707710.0 	 0.3514609
7718600.0 	 0.3438928
7720000.0 	 0.3429198
7722500.0 	 0.3380961
7737340.0 	 0.3094623
7740000.0 	 0.3043299
7752220.0 	 0.2952871
7760000.0 	 0.2895299
7767150.0 	 0.2946618
7780000.0 	 0.3038849
7782110.0 	 0.3053993
7797120.0 	 0.3161727
7800000.0 	 0.3182398
7803300.0 	 0.3182399
7812180.0 	 0.3182399
7820000.0 	 0.31824
7834840.0 	 0.31279
7840000.0 	 0.310895
7860000.0 	 0.3035501
7865220.0 	 0.3044305
7895770.0 	 0.3095832
7900000.0 	 0.3102967
7907500.0 	 0.3115617
7920000.0 	 0.31367
7926500.0 	 0.3132312
7940000.0 	 0.31232
7957410.0 	 0.3111448
7960000.0 	 0.31097
7967600.0 	 0.306752
7980000.0 	 0.29987
7988500.0 	 0.2914592
8000000.0 	 0.28008
8019780.0 	 0.2605439
8030000.0 	 0.2504499
8051240.0 	 0.2294791
8060000.0 	 0.2208301
8071800.0 	 0.2183756
8080000.0 	 0.21667
8080200.0 	 0.2166766
8082880.0 	 0.216765
8100000.0 	 0.21733
8114720.0 	 0.2178159
8120000.0 	 0.2179902
8140000.0 	 0.22576
8146740.0 	 0.2304612
8160000.0 	 0.23971
8176100.0 	 0.2449613
8178950.0 	 0.2458909
8211360.0 	 0.2564619
8219000.0 	 0.2589539
8219009.0 	 0.2589568
8220000.0 	 0.25928
8240000.0 	 0.25563
8243960.0 	 0.2527313
8260000.0 	 0.24099
8276760.0 	 0.2261322
8280000.0 	 0.2232599
8300000.0 	 0.22392
8309750.0 	 0.2242418
8320000.0 	 0.22458
8342940.0 	 0.2495214
8360000.0 	 0.2680699
8376330.0 	 0.2801991
8400000.0 	 0.2977801
8409930.0 	 0.3005356
8420000.0 	 0.30333
8443720.0 	 0.2870343
8460000.0 	 0.2758499
8477730.0 	 0.2677386
8480000.0 	 0.2667001
8500000.0 	 0.2773551
8511930.0 	 0.2837108
8520000.0 	 0.28801
8540000.0 	 0.29177
8546350.0 	 0.2882775
8556800.0 	 0.28253
8560000.0 	 0.28077
8580000.0 	 0.26992
8580980.0 	 0.2697039
8584900.0 	 0.2688395
8600000.0 	 0.2655099
8615820.0 	 0.2890027
8620000.0 	 0.29521
8628300.0 	 0.3171178
8640000.0 	 0.3479999
8650870.0 	 0.3546306
8660000.0 	 0.3601999
8680000.0 	 0.3465902
8686140.0 	 0.3381476
8700000.0 	 0.31909
8716300.0 	 0.3012374
8716314.0 	 0.301222
8721620.0 	 0.2954107
8740000.0 	 0.2752799
8745300.0 	 0.2706954
8757330.0 	 0.2602895
8760000.0 	 0.25798
8770000.0 	 0.2617699
8780000.0 	 0.24717
8793250.0 	 0.2410087
8800000.0 	 0.23787
8820000.0 	 0.2457599
8829400.0 	 0.245586
8851000.0 	 0.2451864
8851001.0 	 0.2451864
8865770.0 	 0.2449131
8898700.0 	 0.2443039
8902370.0 	 0.244236
8939190.0 	 0.2435548
8976250.0 	 0.2428692
8980000.0 	 0.2427999
8981800.0 	 0.2440806
9000000.0 	 0.2570301
9013540.0 	 0.2572978
9051060.0 	 0.2580396
9088820.0 	 0.2587861
9126810.0 	 0.2595371
9130100.0 	 0.2596022
9165050.0 	 0.2602932
9203530.0 	 0.2610539
9225000.0 	 0.2614784
9225016.0 	 0.2614787
9242250.0 	 0.2618194
9281220.0 	 0.2625898
9320430.0 	 0.263365
9324500.0 	 0.2634455
9338600.0 	 0.2637242
9350010.0 	 0.2639498
9369800.0 	 0.264341
9389660.0 	 0.2647337
9409590.0 	 0.2651277
9429570.0 	 0.2655227
9459670.0 	 0.2661178
9500000.0 	 0.2669151
9500030.0 	 0.2669157
9540650.0 	 0.2677326
9575100.0 	 0.2684255
9581530.0 	 0.2685548
9622680.0 	 0.2693824
9664090.0 	 0.2702152
9698800.0 	 0.2709133
9705770.0 	 0.2710535
9747730.0 	 0.2718974
9789960.0 	 0.2727467
9800000.0 	 0.2729486
9812600.0 	 0.273202
9832460.0 	 0.2736015
9875250.0 	 0.2744621
9939950.0 	 0.2757633
1.0E7 	 0.276971
1.00272E7 	 0.2774189
1.01157E7 	 0.2788762
1.02053E7 	 0.2803516
1.02961E7 	 0.2818468
1.0346E7 	 0.2826685
1.03881E7 	 0.2833617
1.04814E7 	 0.2848981
1.05E7 	 0.2852044
10520000000	 0.2855337
10540000000	 0.285863
1.0576E7 	 0.2864558
10580000000	 0.2865217
1.06E7 	 0.286851
1.06718E7 	 0.2880333
1.0769E7 	 0.2896339
1.08E7 	 0.2901444
10850000000	 0.2909677
1.08675E7 	 0.2912559
10880000000	 0.2914617
1.09E7 	 0.291791
10940000000	 0.2924497
1.0953E7 	 0.2926638
10960000000	 0.292779
1.09674E7 	 0.2929009
10980000000	 0.2931083
1.1E7 	 0.2934377
1.10686E7 	 0.2939247
11160000000	 0.2945734
1.11713E7 	 0.2946536
1.12E7 	 0.2948573
1.12754E7 	 0.2953925
1.13E7 	 0.2955671
11380000000	 0.296135
1.1381E7 	 0.2961421
1.14E7 	 0.2962769
11440000000	 0.2965609
11460000000	 0.2967028
11480000000	 0.2968448
1.14881E7 	 0.2969023
11560000000	 0.2974126
1.15967E7 	 0.2976731
1.17069E7 	 0.2984554
1.1725E7 	 0.2985839
1.18187E7 	 0.2992489
1.1825E7 	 0.2992937
1.19E7 	 0.299826
1.19321E7 	 0.3000538
1.1975E7 	 0.3003584
1.2E7 	 0.3005358
1.2004E7 	 0.300534
1.20471E7 	 0.3005146
1.21E7 	 0.3004907
1.21638E7 	 0.3004619
1.22823E7 	 0.3004084
1.24024E7 	 0.3003543
1.2445E7 	 0.3003351
1.25E7 	 0.3003103
1.25244E7 	 0.3002993
1.26482E7 	 0.3002434
1.27738E7 	 0.3001868
1.29014E7 	 0.3001292
1.3E7 	 0.3000847
1.30308E7 	 0.299448
1.31623E7 	 0.2967299
1.32957E7 	 0.2939725
1.34313E7 	 0.2911696
13450000000	 0.2907831
1.35689E7 	 0.2883253
1.37086E7 	 0.2854377
1.38506E7 	 0.2825025
1.39E7 	 0.2814814
1.39947E7 	 0.2795239
1.4E7 	 0.2794143
1.41412E7 	 0.2764957
1.42899E7 	 0.2734221
1.44411E7 	 0.2702967
1.45E7 	 0.2690792
1.4512E7 	 0.2684472
1.45947E7 	 0.2640918
14750000000	 0.2559128
1.47507E7 	 0.255876
1.49094E7 	 0.247518
1.5E7 	 0.2427465
1.50705E7 	 0.2390335
1.52344E7 	 0.2304017
1.54009E7 	 0.2216329
1.55703E7 	 0.2127113
1.57424E7 	 0.2036476
15750000000	 0.2032474
1.59175E7 	 0.194426
1.6E7 	 0.190081
1.60955E7 	 0.1857528
1.6132E7 	 0.1840986
1.62765E7 	 0.1775496
1.64606E7 	 0.1692058
1.66479E7 	 0.1607171
1.68385E7 	 0.1520788
1.7E7 	 0.1447594
1.70324E7 	 0.143291
1.72296E7 	 0.1343535
1.74304E7 	 0.1252529
1.75E7 	 0.1220985
1.76347E7 	 0.1190864
17750000000	 0.1165082
1.7794E7 	 0.1155242
1.7797E7 	 0.1154572
1.78426E7 	 0.1144375
1.8E7 	 0.1109178
1.80543E7 	 0.1097035
1.8147E7 	 0.1076306
1.82698E7 	 0.1048846
1.84892E7 	 0.0999785
1.87127E7 	 0.09498069
1.89403E7 	 0.0898912
1.9E7 	 0.08855622
1.9172E7 	 0.08471003
19250000000	 0.08296583
1.94081E7 	 0.07943048
1.95E7 	 0.07737545
1.96487E7 	 0.07405029
1.999999E7 	 0.0661949
2.0E7 	 0.064177552173201
2.000001E7 	 0.062160204346401994
2.015124E7 	 0.060996251440811576
2.06042E7 	 0.057548742201582674
2.1E7 	 0.05458360422151501
2.2E7 	 0.047285752310200005
2.3E7 	 0.04264414528275
2.4E7 	 0.038160736544
2.489699E7 	 0.03499648229783705
2.5E7 	 0.034638986768750005
2.6E7 	 0.0312319453194
2.617952E7 	 0.031023429188922345
2.646391E7 	 0.0306955721333712
2.653447E7 	 0.030614694523047523
2.7E7 	 0.03008563161227
2.719247E7 	 0.029869176118616086
2.747148E7 	 0.029557729764789462
2.8E7 	 0.028975189770000003
2.851944E7 	 0.027927854171585043
2.9E7 	 0.026975059188636505
2.92624E7 	 0.026461190355684637
2.940796E7 	 0.026178046848541577
3.0E7 	 0.025040223814800002
3.099841E7 	 0.023562403187284517
3.1E7 	 0.023560089056190402
3.158999E7 	 0.02271053006225409
3.2E7 	 0.0221303999194576
3.23171E7 	 0.021687449426187368
3.29207E7 	 0.020857918343968888
3.3E7 	 0.0207502505422848
3.4E7 	 0.019418207151167998
3.488123E7 	 0.01828280943775195
3.5E7 	 0.0181324572896
3.515702E7 	 0.01798572635620823
3.532393E7 	 0.01783045875071028
3.6E7 	 0.017209004010537602
3.7E7 	 0.0163117129737072
3.746898E7 	 0.015899876611547733
3.748597E7 	 0.015885063390620614
3.8E7 	 0.015440420153036798
3.800026E7 	 0.015440198637565983
3.9E7 	 0.014594739467904
3.928093E7 	 0.014361695826533152
3.9898E7 	 0.013856677867361248
4.0E7 	 0.0137741017392
4.1E7 	 0.013344767122776602
4.109361E7 	 0.013303308263313116
4.112552E7 	 0.013289147506773692
4.2E7 	 0.012898774513772398
4.200523E7 	 0.012896442689089424
4.3E7 	 0.0124600024299492
4.4E7 	 0.012046569142824
4.400575E7 	 0.01204429227390793
4.480351E7 	 0.011741955003858412
4.5E7 	 0.011671905358499999
4.508159E7 	 0.011635441125348426
4.535811E7 	 0.011513036305687103
4.573244E7 	 0.011350203435490506
4.6E7 	 0.011235806502835998
4.606211E7 	 0.01120948600857699
4.654491E7 	 0.011007872474979136
4.677522E7 	 0.010913531570211884
4.7E7 	 0.010822581217866998
4.8E7 	 0.010431079114428
4.9E7 	 0.0100600855014
4.952802E7 	 0.0098720405693086
5.0E7 	 0.009708346409999999
5.083199E7 	 0.009431931774495665
5.1E7 	 0.009376940988
5.171388E7 	 0.009145729105618948
5.192917E7 	 0.009076661643970661
5.2E7 	 0.009053994086625
5.3E7 	 0.00873636474755
5.4E7 	 0.0084215729529
5.482474E7 	 0.008162724131421191
5.5E7 	 0.00810771864
5.571699E7 	 0.007980008169756761
5.6E7 	 0.0079300260212796
5.661638E7 	 0.007821967847465514
5.7E7 	 0.0077552506661252
5.8E7 	 0.007583164074337601
5.9E7 	 0.007413569144906401
6.0E7 	 0.0072462917597
6.066963E7 	 0.007107681079748401
6.1E7 	 0.007039808532449999
6.2E7 	 0.006836319763998001
6.220879E7 	 0.006794190142760453
6.3E7 	 0.006635601692144
6.4E7 	 0.006437461361725001
6.5E7 	 0.006241734659600001
6.530701E7 	 0.006263549049671384
6.6E7 	 0.0063125770760362
6.7E7 	 0.006382819211607999
6.8E7 	 0.0064524864949958
6.9E7 	 0.0065216025809916
7.0E7 	 0.0065901892472
7.1E7 	 0.006438986820236
7.161927E7 	 0.006346328668005196
7.2E7 	 0.006289721259301
7.3E7 	 0.006142306894674999
7.4E7 	 0.005996664119664001
7.5E7 	 0.0058527191626000005
7.6E7 	 0.005645910866039401
7.7E7 	 0.0054414359754336
7.8E7 	 0.005239235212884601
7.9E7 	 0.0050392528197572
8.0E7 	 0.0048414311721
8.1E7 	 0.004735481119680081
8.2E7 	 0.00463069898421332
8.3E7 	 0.004527073993440961
8.4E7 	 0.00442459194708212
8.5E7 	 0.00432324007006
8.6E7 	 0.00424816890587658
8.7E7 	 0.00417414739629448
8.8E7 	 0.00410105051371942
8.9E7 	 0.00402876400909824
9.0E7 	 0.0039571883549900004
9.1E7 	 0.0038853316330759
9.2E7 	 0.0038142512231761597
9.3E7 	 0.00374391628316516
9.4E7 	 0.0036742945508446596
9.5E7 	 0.0036053605188600003
9.6E7 	 0.00369232696193844
9.7E7 	 0.0037790694933632595
9.8E7 	 0.0038655169317476797
9.9E7 	 0.003951594161455899
1.0E8 	 0.004037223142259999
1.02E8 	 0.0038591195716057604
1.04E8 	 0.00368462574973108
1.06E8 	 0.0035132808906509602
1.08E8 	 0.00334469536353084
1.1E8 	 0.00317854872544
1.12E8 	 0.00309294810268056
1.14E8 	 0.0030096784606428797
1.16E8 	 0.0029284520160687603
1.18E8 	 0.00284901379620288
1.2E8 	 0.0027711397005
1.22E8 	 0.00282130791540528
1.24E8 	 0.0028727247958333603
1.26E8 	 0.0029251775926598805
1.28E8 	 0.0029784595524994803
1.3E8 	 0.00303236927574
1.32E8 	 0.002929787638308
1.34E8 	 0.0028283762653960004
1.36E8 	 0.0027280272577528
1.38E8 	 0.0026286339568576
1.4E8 	 0.0025300909449200003
1.42E8 	 0.0024920619233016004
1.44E8 	 0.0024549912574024003
1.46E8 	 0.0024187346626580006
1.48E8 	 0.00238316098488
1.5E8 	 0.0023481516301600003