2746160.0 	 4.709178E-6
2748040.0 	 1.901169E-5
2749920.0 	 3.33142E-5
2751800.0 	 4.761671E-5
2754000.0 	 6.435369E-5
2756520.0 	 8.352514E-5
2759040.0 	 1.026966E-4
2760000.0 	 1.1E-4
2761560.0 	 1.0766E-4
2764090.0 	 1.03865E-4
2766620.0 	 1.0007E-4
2769150.0 	 9.6275E-5
2771690.0 	 9.2465E-5
2774230.0 	 8.8655E-5
2776770.0 	 8.4845E-5
2780000.0 	 8.0E-5
2781870.0 	 7.906509E-5
2784430.0 	 7.778522E-5
2786980.0 	 7.651035E-5
2788800.0 	 7.560044E-5
2789550.0 	 7.522548E-5
2792110.0 	 7.394561E-5
2794680.0 	 7.266073E-5
2797250.0 	 7.137586E-5
2799830.0 	 7.008599E-5
2800000.0 	 7.0001E-5
2802410.0 	 6.7591E-5
2804990.0 	 6.5011E-5
2807580.0 	 6.2421E-5
2808600.0 	 6.1401E-5
2810170.0 	 5.9831E-5
2812760.0 	 5.7241E-5
2815360.0 	 5.4641E-5
2817960.0 	 5.2041E-5
2820000.0 	 5.0001E-5
2820560.0 	 5.006427E-5
2823170.0 	 5.035916E-5
2825780.0 	 5.065404E-5
2827500.0 	 5.084838E-5
2828400.0 	 5.095006E-5
2831010.0 	 5.124495E-5
2833640.0 	 5.154209E-5
2836260.0 	 5.183811E-5
2838890.0 	 5.213526E-5
2841530.0 	 5.243353E-5
2842700.0 	 5.256572E-5
2844160.0 	 5.273068E-5
2846810.0 	 5.303008E-5
2849450.0 	 5.332836E-5
2852100.0 	 5.362777E-5
2854100.0 	 5.385373E-5
2854750.0 	 5.392717E-5
2857410.0 	 5.422771E-5
2860070.0 	 5.452824E-5
2862730.0 	 5.482878E-5
2863900.0 	 5.496097E-5
2865390.0 	 5.512931E-5
2868070.0 	 5.543211E-5
2870740.0 	 5.573377E-5
2873080.0 	 5.599816E-5
2875090.0 	 5.622525E-5
2876800.0 	 5.641845E-5
2877110.0 	 5.645348E-5
2879120.0 	 5.668057E-5
2881140.0 	 5.69088E-5
2883160.0 	 5.713703E-5
2885180.0 	 5.736525E-5
2887200.0 	 5.759348E-5
2888900.0 	 5.778555E-5
2889230.0 	 5.782284E-5
2891250.0 	 5.805106E-5
2893280.0 	 5.828042E-5
2895320.0 	 5.85109E-5
2897350.0 	 5.874026E-5
2899390.0 	 5.897075E-5
2901430.0 	 5.920123E-5
2903400.0 	 5.942381E-5
2903470.0 	 5.943172E-5
2905510.0 	 5.96622E-5
2907550.0 	 5.989269E-5
2909600.0 	 6.012431E-5
2911650.0 	 6.035592E-5
2913700.0 	 6.058754E-5
2915750.0 	 6.081915E-5
2916300.0 	 6.08813E-5
2917470.0 	 6.101349E-5
2918840.0 	 6.116827E-5
2920210.0 	 6.132306E-5
2921580.0 	 6.147785E-5
2922960.0 	 6.163376E-5
2924330.0 	 6.178855E-5
2925710.0 	 6.194447E-5
2927090.0 	 6.210039E-5
2928470.0 	 6.22563E-5
2929850.0 	 6.241222E-5
2931230.0 	 6.256814E-5
2932610.0 	 6.272405E-5
2933990.0 	 6.287997E-5
2935370.0 	 6.303589E-5
2936760.0 	 6.319293E-5
2938140.0 	 6.334885E-5
2939000.0 	 6.344602E-5
2939530.0 	 6.35059E-5
2940000.0 	 6.3559E-5
2940910.0 	 6.385125E-5
2942300.0 	 6.429765E-5
2943690.0 	 6.474404E-5
2945080.0 	 6.519044E-5
2946470.0 	 6.563684E-5
2947860.0 	 6.608324E-5
2949260.0 	 6.653285E-5
2950650.0 	 6.697925E-5
2952050.0 	 6.742886E-5
2954140.0 	 6.810006E-5
2956930.0 	 6.899607E-5
2959740.0 	 6.98985E-5
2960000.0 	 6.9982E-5
2962540.0 	 7.079766E-5
2965350.0 	 7.170002E-5
2965500.0 	 7.174819E-5
2968160.0 	 7.260238E-5
2970970.0 	 7.350474E-5
2973790.0 	 7.441031E-5
2976620.0 	 7.53191E-5
2979450.0 	 7.622788E-5
2982280.0 	 7.713667E-5
2985110.0 	 7.804545E-5
2985300.0 	 7.810646E-5
2987950.0 	 7.895744E-5
2990800.0 	 7.987265E-5
2993290.0 	 8.067225E-5
2995430.0 	 8.135946E-5
2997570.0 	 8.204667E-5
2999710.0 	 8.273387E-5
3000000.0 	 8.2827E-5
3001860.0 	 8.342434E-5
3004000.0 	 8.41116E-5
3006150.0 	 8.480207E-5
3008310.0 	 8.549576E-5
3010460.0 	 8.618623E-5
3012620.0 	 8.687991E-5
3014780.0 	 8.75736E-5
3016940.0 	 8.826728E-5
3019100.0 	 8.896097E-5
3021270.0 	 8.965799E-5
3023440.0 	 9.03551E-5
3025610.0 	 9.105221E-5
3027780.0 	 9.174933E-5
3029960.0 	 9.244965E-5
3032130.0 	 9.314676E-5
3034310.0 	 9.384709E-5
3036500.0 	 9.455063E-5
3038680.0 	 9.525095E-5
3040870.0 	 9.595449E-5
3042100.0 	 9.634963E-5
3043060.0 	 9.665803E-5
3045250.0 	 9.736156E-5
3047450.0 	 9.806831E-5
3049640.0 	 9.877185E-5
3051840.0 	 9.94786E-5
3054040.0 	 1.001854E-4
3055880.0 	 1.007765E-4
3057350.0 	 1.012487E-4
3058820.0 	 1.017209E-4
3060290.0 	 1.021931E-4
3061770.0 	 1.026682E-4
3063240.0 	 1.0314E-4
3063900.0 	 1.033519E-4
3064720.0 	 1.036151E-4
3066190.0 	 1.04087E-4
3067670.0 	 1.045621E-4
3069150.0 	 1.050372E-4
3070630.0 	 1.055122E-4
3072850.0 	 1.062249E-4
3075820.0 	 1.071782E-4
3078790.0 	 1.081316E-4
3080000.0 	 1.0852E-4
3081760.0 	 1.09085E-4
3084500.0 	 1.099645E-4
3084740.0 	 1.100415E-4
3087730.0 	 1.110013E-4
3090720.0 	 1.119611E-4
3093710.0 	 1.129209E-4
3095950.0 	 1.1364E-4
3097450.0 	 1.141215E-4
3098960.0 	 1.146062E-4
3100000.0 	 1.1494E-4
3100460.0 	 1.150877E-4
3101960.0 	 1.155692E-4
3103460.0 	 1.160507E-4
3104970.0 	 1.165354E-4
3105100.0 	 1.165771E-4
3106470.0 	 1.170169E-4
3107980.0 	 1.175016E-4
3109490.0 	 1.179863E-4
3111000.0 	 1.18471E-4
3112510.0 	 1.189557E-4
3114020.0 	 1.194404E-4
3115530.0 	 1.199251E-4
3116500.0 	 1.202365E-4
3117050.0 	 1.204131E-4
3118560.0 	 1.208978E-4
3120000.0 	 1.2136E-4
3120080.0 	 1.213857E-4
3121590.0 	 1.218712E-4
3123110.0 	 1.223599E-4
3124630.0 	 1.228485E-4
3126150.0 	 1.233372E-4
3127670.0 	 1.238259E-4
3129200.0 	 1.243178E-4
3130720.0 	 1.248065E-4
3132240.0 	 1.252952E-4
3133770.0 	 1.257871E-4
3134900.0 	 1.261504E-4
3135300.0 	 1.26279E-4
3136820.0 	 1.267676E-4
3138350.0 	 1.272595E-4
3139890.0 	 1.277546E-4
3140000.0 	 1.2779E-4
3141420.0 	 1.282458E-4
3142950.0 	 1.28737E-4
3144480.0 	 1.292281E-4
3146020.0 	 1.297224E-4
3147550.0 	 1.302136E-4
3149090.0 	 1.307079E-4
3150630.0 	 1.312022E-4
3152170.0 	 1.316966E-4
3153710.0 	 1.321909E-4
3155250.0 	 1.326853E-4
3156790.0 	 1.331796E-4
3158340.0 	 1.336771E-4
3159880.0 	 1.341715E-4
3160000.0 	 1.3421E-4
3161430.0 	 1.346694E-4
3162980.0 	 1.351673E-4
3164520.0 	 1.356621E-4
3166070.0 	 1.3616E-4
3167620.0 	 1.366579E-4
3169180.0 	 1.371591E-4
3170600.0 	 1.376153E-4
3170730.0 	 1.37657E-4
3172280.0 	 1.38155E-4
3173840.0 	 1.386561E-4
3175400.0 	 1.391573E-4
3176000.0 	 1.3935E-4
3176950.0 	 1.418794E-4
3178510.0 	 1.460329E-4
3180000.0 	 1.5E-4
3180850.0 	 1.51275E-4
3183980.0 	 1.5597E-4
3187110.0 	 1.60665E-4
3190240.0 	 1.6536E-4
3193380.0 	 1.7007E-4
3196520.0 	 1.7478E-4
3199670.0 	 1.79505E-4
3200000.0 	 1.8E-4
3201000.0 	 1.83E-4
3202820.0 	 1.8846E-4
3205980.0 	 1.9794E-4
3209140.0 	 2.0742E-4
3211910.0 	 2.1573E-4
3214290.0 	 2.2287E-4
3216670.0 	 2.3001E-4
3219050.0 	 2.3715E-4
3221430.0 	 2.4429E-4
3223820.0 	 2.5146E-4
3226210.0 	 2.5863E-4
3228610.0 	 2.6583E-4
3231000.0 	 2.73E-4
3238210.0 	 2.9463E-4
3240000.0 	 3.0E-4
3240610.0 	 3.0122E-4
3243020.0 	 3.0604E-4
3245430.0 	 3.1086E-4
3250260.0 	 3.2052E-4
3252690.0 	 3.2538E-4
3255110.0 	 3.3022E-4
3257530.0 	 3.3506E-4
3260000.0 	 3.4E-4
3260370.0 	 3.40555E-4
3263300.0 	 3.4495E-4
3263610.0 	 3.45415E-4
3266860.0 	 3.5029E-4
3270110.0 	 3.55165E-4
3273370.0 	 3.60055E-4
3276630.0 	 3.64945E-4
3279890.0 	 3.69835E-4
3280000.0 	 3.7E-4
3283170.0 	 3.71585E-4
3286440.0 	 3.7322E-4
3289720.0 	 3.7486E-4
3293010.0 	 3.76505E-4
3296300.0 	 3.7815E-4
3300000.0 	 3.8E-4
3302900.0 	 3.785507E-4
3306210.0 	 3.768966E-4
3309520.0 	 3.752424E-4
3312830.0 	 3.735882E-4
3316160.0 	 3.71924E-4
3319480.0 	 3.702649E-4
3322810.0 	 3.686007E-4
3326150.0 	 3.669315E-4
3326700.0 	 3.666567E-4
3329490.0 	 3.652624E-4
3332840.0 	 3.635882E-4
3336190.0 	 3.61914E-4
3339540.0 	 3.602399E-4
3340000.0 	 3.6001E-4
3342910.0 	 3.561283E-4
3346270.0 	 3.516463E-4
3349640.0 	 3.471509E-4
3351200.0 	 3.4507E-4
3351630.0 	 3.444974E-4
3351632.0 	 3.444948E-4
3353020.0 	 3.427429E-4
3355000.0 	 3.40244E-4
3356400.0 	 3.347384E-4
3359790.0 	 3.214072E-4
3360000.0 	 3.205814E-4
3361100.0 	 3.190078E-4
3363180.0 	 3.160323E-4
3366580.0 	 3.111685E-4
3369980.0 	 3.063047E-4
3373390.0 	 3.014266E-4
3376380.0 	 2.971493E-4
3378940.0 	 2.934872E-4
3380000.0 	 2.919708E-4
3381510.0 	 2.895468E-4
3384070.0 	 2.854374E-4
3386640.0 	 2.813118E-4
3389220.0 	 2.771702E-4
3391800.0 	 2.730286E-4
3394380.0 	 2.68887E-4
3396960.0 	 2.647453E-4
3399550.0 	 2.605876E-4
3402140.0 	 2.5643E-4
3404730.0 	 2.522723E-4
3405300.0 	 2.513573E-4
3407320.0 	 2.481146E-4
3409920.0 	 2.43941E-4
3412520.0 	 2.397672E-4
3415130.0 	 2.355774E-4
3417730.0 	 2.314038E-4
3420000.0 	 2.277598E-4
3420340.0 	 2.279189E-4
3422960.0 	 2.29145E-4
3425570.0 	 2.303663E-4
3428190.0 	 2.315924E-4
3428700.0 	 2.318312E-4
3430810.0 	 2.328186E-4
3433440.0 	 2.340493E-4
3436060.0 	 2.352754E-4
3438700.0 	 2.365109E-4
3440000.0 	 2.371192E-4
3441330.0 	 2.377409E-4
3444410.0 	 2.391808E-4
3446900.0 	 2.403448E-4
3447930.0 	 2.408263E-4
3451450.0 	 2.424718E-4
3454990.0 	 2.441266E-4
3458530.0 	 2.457815E-4
3460000.0 	 2.464687E-4
3461630.0 	 2.472311E-4
3464290.0 	 2.484754E-4
3466950.0 	 2.497197E-4
3469620.0 	 2.509686E-4
3472290.0 	 2.522176E-4
3474960.0 	 2.534666E-4
3475500.0 	 2.537192E-4
3477630.0 	 2.547155E-4
3480310.0 	 2.559692E-4
3483000.0 	 2.572275E-4
3485680.0 	 2.584811E-4
3488370.0 	 2.597395E-4
3491060.0 	 2.609977E-4
3493750.0 	 2.62256E-4
3495000.0 	 2.628408E-4
3496450.0 	 2.63519E-4
3499150.0 	 2.64782E-4
3501860.0 	 2.660497E-4
3504560.0 	 2.673126E-4
3507270.0 	 2.685803E-4
3509990.0 	 2.698527E-4
3512700.0 	 2.711204E-4
3515420.0 	 2.723927E-4
3518150.0 	 2.736697E-4
3518400.0 	 2.737866E-4
3520870.0 	 2.74942E-4
3523600.0 	 2.762191E-4
3526330.0 	 2.774961E-4
3529070.0 	 2.787778E-4
3531810.0 	 2.800595E-4
3534000.0 	 2.810839E-4
3534090.0 	 2.81126E-4
3535920.0 	 2.81982E-4
3537750.0 	 2.828381E-4
3539590.0 	 2.836988E-4
3541420.0 	 2.845548E-4
3543260.0 	 2.854156E-4
3545090.0 	 2.862715E-4
3546930.0 	 2.871322E-4
3549230.0 	 2.882081E-4
3551990.0 	 2.894992E-4
3554760.0 	 2.907949E-4
3557530.0 	 2.920906E-4
3560000.0 	 2.93246E-4
3560300.0 	 2.933864E-4
3563070.0 	 2.946819E-4
3565850.0 	 2.959823E-4
3568630.0 	 2.972825E-4
3571420.0 	 2.985874E-4
3574210.0 	 2.998924E-4
3574300.0 	 2.999345E-4
3577000.0 	 3.011974E-4
3579790.0 	 3.025023E-4
3582590.0 	 3.038119E-4
3585390.0 	 3.051216E-4
3588200.0 	 3.064359E-4
3590540.0 	 3.075304E-4
3592410.0 	 3.08405E-4
3594290.0 	 3.092843E-4
3596160.0 	 3.101589E-4
3598040.0 	 3.110382E-4
3599920.0 	 3.119175E-4
3600000.0 	 3.11955E-4
3601800.0 	 3.127973E-4
3603680.0 	 3.136771E-4
3605570.0 	 3.145615E-4
3607450.0 	 3.154414E-4
3609340.0 	 3.163259E-4
3611700.0 	 3.174303E-4
3614530.0 	 3.187546E-4
3617370.0 	 3.200836E-4
3620000.0 	 3.213145E-4
3620220.0 	 3.214173E-4
3623060.0 	 3.227449E-4
3625000.0 	 3.236518E-4
3625910.0 	 3.240772E-4
3628760.0 	 3.254095E-4
3631620.0 	 3.267465E-4
3634480.0 	 3.280834E-4
3637340.0 	 3.294204E-4
3638000.0 	 3.29729E-4
3640000.0 	 3.306639E-4
3640210.0 	 3.307622E-4
3643080.0 	 3.321053E-4
3645950.0 	 3.334484E-4
3648830.0 	 3.347962E-4
3651710.0 	 3.361439E-4
3654590.0 	 3.374916E-4
3657480.0 	 3.388441E-4
3660000.0 	 3.400234E-4
3660370.0 	 3.401964E-4
3663260.0 	 3.415474E-4
3666160.0 	 3.42903E-4
3669060.0 	 3.442587E-4
3671960.0 	 3.456144E-4
3674400.0 	 3.46755E-4
3674870.0 	 3.469748E-4
3677780.0 	 3.48335E-4
3680000.0 	 3.493729E-4
3680690.0 	 3.509195E-4
3683610.0 	 3.574646E-4
3686040.0 	 3.629114E-4
3687990.0 	 3.672822E-4
3689940.0 	 3.716531E-4
3691890.0 	 3.76024E-4
3693850.0 	 3.804173E-4
3695800.0 	 3.847881E-4
3697760.0 	 3.891814E-4
3699720.0 	 3.935747E-4
3700000.0 	 3.942023E-4
3701680.0 	 4.06079E-4
3703640.0 	 4.199352E-4
3705600.0 	 4.337914E-4
3707570.0 	 4.477182E-4
3709530.0 	 4.615744E-4
3711500.0 	 4.755013E-4
3713470.0 	 4.894281E-4
3715930.0 	 5.06819E-4
3718890.0 	 5.277447E-4
3719900.0 	 5.348848E-4
3720000.0 	 5.355918E-4
3721860.0 	 5.511141E-4
3724820.0 	 5.758164E-4
3727790.0 	 6.00602E-4
3730770.0 	 6.25471E-4
3733740.0 	 6.502567E-4
3736720.0 	 6.751258E-4
3739710.0 	 7.000783E-4
3742700.0 	 7.250309E-4
3745690.0 	 7.499835E-4
3748680.0 	 7.74936E-4
3749000.0 	 7.776065E-4
3751680.0 	 7.924117E-4
3752400.0 	 7.963892E-4
3754690.0 	 8.090398E-4
3755200.0 	 8.118573E-4
3755690.0 	 8.145638E-4
3755693.0 	 8.145804E-4
3757690.0 	 8.256114E-4
3760000.0 	 8.383713E-4
3760700.0 	 8.43145E-4
3763720.0 	 8.637402E-4
3766730.0 	 8.842672E-4
3769750.0 	 9.048624E-4
3772780.0 	 9.255258E-4
3774500.0 	 9.372555E-4
3775800.0 	 9.46121E-4
3778840.0 	 9.668526E-4
3781870.0 	 9.87516E-4
3784910.0 	 0.001008248
3787950.0 	 0.001028979
3791000.0 	 0.001049779
3794050.0 	 0.001070579
3796600.0 	 0.001087969
3797100.0 	 0.001091379
3800000.0 	 0.001111155
3800160.0 	 0.001112487
3803220.0 	 0.001137945
3806290.0 	 0.001163486
3809360.0 	 0.001189027
3812430.0 	 0.001214569
3813500.0 	 0.00122347
3814990.0 	 0.001235867
3817040.0 	 0.001252921
3819100.0 	 0.00127006
3821150.0 	 0.001287116
3823210.0 	 0.001304254
3825270.0 	 0.001321392
3827840.0 	 0.001342773
3830940.0 	 0.001368564
3834040.0 	 0.001394355
3836620.0 	 0.001415819
3838690.0 	 0.001433041
3840000.0 	 0.00144394
3840760.0 	 0.001451592
3842840.0 	 0.001472537
3844910.0 	 0.001493381
3846990.0 	 0.001514326
3849070.0 	 0.001535271
3851150.0 	 0.001556216
3853750.0 	 0.001582397
3856870.0 	 0.001613814
3860000.0 	 0.001645332
3863140.0 	 0.00167695
3865300.0 	 0.001698701
3866280.0 	 0.001708569
3869420.0 	 0.001740187
3872560.0 	 0.001771806
3875710.0 	 0.001803525
3878860.0 	 0.001835244
3880000.0 	 0.001846724
3882020.0 	 0.001873124
3884800.0 	 0.001909458
3885180.0 	 0.001914424
3888350.0 	 0.001955855
3891520.0 	 0.001997286
3894690.0 	 0.002038716
3897860.0 	 0.002080147
3900000.0 	 0.002108116
3901040.0 	 0.002119368
3904230.0 	 0.002153883
3907420.0 	 0.002188397
3910610.0 	 0.002222912
3913800.0 	 0.002257426
3917000.0 	 0.002292049
3920210.0 	 0.00232678
3923410.0 	 0.002361403
3923800.0 	 0.002365622
3926630.0 	 0.002396242
3929840.0 	 0.002430973
3933060.0 	 0.002465812
3936280.0 	 0.002500651
3939400.0 	 0.002534408
3939510.0 	 0.002535599
3940000.0 	 0.0025409
3942740.0 	 0.002554791
3945980.0 	 0.002571216
3949220.0 	 0.002587642
3952460.0 	 0.002604067
3955710.0 	 0.002620543
3958960.0 	 0.00263702
3960000.0 	 0.002642292
3962220.0 	 0.002641892
3965470.0 	 0.002641306
3968700.0 	 0.002640723
3968740.0 	 0.002640715
3972010.0 	 0.002640126
3975280.0 	 0.002639536
3978550.0 	 0.002638946
3981830.0 	 0.002638354
3985120.0 	 0.00263776
3988400.0 	 0.002637169
3991700.0 	 0.002636573
3994990.0 	 0.00263598
3998290.0 	 0.002635385
3999160.0 	 0.002635228
3999165.0 	 0.002635227
4000000.0 	 0.002635076
4001600.0 	 0.002611928
4004900.0 	 0.002564184
4008220.0 	 0.00251615
4011530.0 	 0.002468262
4014850.0 	 0.002420229
4018180.0 	 0.002372051
4021510.0 	 0.002323873
4022700.0 	 0.002306656
4024840.0 	 0.002283302
4028180.0 	 0.002246853
4030700.0 	 0.002219352
4031280.0 	 0.002213022
4031283.0 	 0.00221299
4031520.0 	 0.002210403
4034860.0 	 0.002173954
4038210.0 	 0.002137395
4040000.0 	 0.00211786
4041570.0 	 0.002105803
4044930.0 	 0.002079996
4048290.0 	 0.00205419
4051650.0 	 0.002028384
4055020.0 	 0.002002501
4058400.0 	 0.001976541
4061300.0 	 0.001954268
4061780.0 	 0.001950581
4064600.0 	 0.001928923
4066860.0 	 0.001911565
4069110.0 	 0.001894284
4071380.0 	 0.001876849
4073640.0 	 0.001859492
4075900.0 	 0.001842134
4078170.0 	 0.0018247
4080000.0 	 0.001810644
4080440.0 	 0.001808035
4082710.0 	 0.001794573
4084980.0 	 0.001781111
4087830.0 	 0.001764209
4091240.0 	 0.001743987
4094660.0 	 0.001723705
4096400.0 	 0.001713386
4098090.0 	 0.001703364
4100000.0 	 0.001692037
4101520.0 	 0.001686822
4104380.0 	 0.001677011
4106670.0 	 0.001669156
4108960.0 	 0.0016613
4111250.0 	 0.001653445
4113550.0 	 0.001645555
4115850.0 	 0.001637665
4118150.0 	 0.001629775
4120450.0 	 0.001621885
4122760.0 	 0.001613961
4125060.0 	 0.001606071
4127950.0 	 0.001596157
4131410.0 	 0.001584288
4134890.0 	 0.00157235
4136400.0 	 0.00156717
4138360.0 	 0.001560447
4140000.0 	 0.001554821
4141840.0 	 0.001552189
4145320.0 	 0.001547211
4148810.0 	 0.001542219
4152310.0 	 0.001537212
4155220.0 	 0.00153305
4157550.0 	 0.001529717
4159890.0 	 0.00152637
4162230.0 	 0.001523023
4164570.0 	 0.001519676
4166910.0 	 0.001516329
4169250.0 	 0.001512982
4171600.0 	 0.00150962
4173940.0 	 0.001506273
4176290.0 	 0.001502912
4178640.0 	 0.00149955
4180000.0 	 0.001497605
4181000.0 	 0.001497674
4183350.0 	 0.001497838
4185710.0 	 0.001498002
4186100.0 	 0.001498029
4188070.0 	 0.001498167
4190430.0 	 0.001498331
4192790.0 	 0.001498495
4195160.0 	 0.00149866
4197530.0 	 0.001498825
4199900.0 	 0.00149899
4202270.0 	 0.001499155
4204640.0 	 0.00149932
4207020.0 	 0.001499485
4209390.0 	 0.00149965
4211770.0 	 0.001499816
4214150.0 	 0.001499982
4216540.0 	 0.001500148
4218920.0 	 0.001500314
4220000.0 	 0.001500389
4221000.0 	 0.001500459
4221310.0 	 0.00150048
4223700.0 	 0.001500646
4226090.0 	 0.001500813
4228490.0 	 0.00150098
4230880.0 	 0.001501146
4233280.0 	 0.001501313
4235680.0 	 0.00150148
4238680.0 	 0.001501689
4240000.0 	 0.001501781
4242290.0 	 0.001503848
4245900.0 	 0.001507109
4249520.0 	 0.001510377
4253140.0 	 0.001513646
4256760.0 	 0.001516915
4259300.0 	 0.001519207
4260000.0 	 0.00151984
4260390.0 	 0.001520192
4264030.0 	 0.001523479
4267670.0 	 0.001526765
4271310.0 	 0.001530052
4274960.0 	 0.001533347
4278620.0 	 0.001536652
4282280.0 	 0.001539957
4283600.0 	 0.001541149
4285940.0 	 0.001543262
4289610.0 	 0.001546576
4293280.0 	 0.00154989
4296960.0 	 0.001553213
4300000.0 	 0.001555957
4300640.0 	 0.001557495
4304330.0 	 0.001566362
4308020.0 	 0.001575228
4309000.0 	 0.001577584
4311710.0 	 0.001584095
4315410.0 	 0.001592987
4319120.0 	 0.001601901
4322830.0 	 0.001610816
4326550.0 	 0.001619755
4330270.0 	 0.001628694
4333990.0 	 0.001637633
4337720.0 	 0.001646596
4340000.0 	 0.001652074
4341460.0 	 0.001655583
4342100.0 	 0.001657121
4345200.0 	 0.00166457
4348940.0 	 0.001673557
4352690.0 	 0.001682568
4355820.0 	 0.00169009
4358320.0 	 0.001696097
4360000.0 	 0.001700133
4360830.0 	 0.001704273
4363340.0 	 0.001716791
4366480.0 	 0.001732451
4370250.0 	 0.001751253
4374030.0 	 0.001770105
4377810.0 	 0.001788957
4381600.0 	 0.001807859
4384100.0 	 0.001820327
4385390.0 	 0.001826761
4389190.0 	 0.001845712
4392990.0 	 0.001864665
4396790.0 	 0.001883616
4400000.0 	 0.001899626
4400610.0 	 0.001902667
4404420.0 	 0.001921669
4408240.0 	 0.00194072
4412070.0 	 0.001959822
4415660.0 	 0.001977727
4415900.0 	 0.001978925
4417100.0 	 0.00198492
4419740.0 	 0.001998123
4421000.0 	 0.002004424
4423580.0 	 0.00201993
4427430.0 	 0.002043069
4431280.0 	 0.002066208
4435130.0 	 0.002089347
4439000.0 	 0.002112607
4442860.0 	 0.002135806
4446730.0 	 0.002159065
4450610.0 	 0.002182385
4454490.0 	 0.002205703
4458380.0 	 0.002229084
4462100.0 	 0.002251442
4462270.0 	 0.002252463
4466170.0 	 0.002275903
4470070.0 	 0.002299342
4473980.0 	 0.002322842
4477890.0 	 0.002346341
4480000.0 	 0.002359023
4481810.0 	 0.002372739
4485730.0 	 0.002402444
4489660.0 	 0.002432226
4493590.0 	 0.002462007
4497530.0 	 0.002491864
4500000.0 	 0.002510582
4501480.0 	 0.002513192
4503000.0 	 0.002515874
4505420.0 	 0.002520142
4509380.0 	 0.002527128
4512680.0 	 0.002532948
4515320.0 	 0.002537606
4517960.0 	 0.002542263
4520000.0 	 0.002545861
4520610.0 	 0.002546936
4523260.0 	 0.002551611
4525910.0 	 0.002556285
4526000.0 	 0.002556444
4528560.0 	 0.00256096
4531220.0 	 0.002565652
4533880.0 	 0.002570345
4536540.0 	 0.002575036
4539200.0 	 0.002579728
4540000.0 	 0.00258114
4541870.0 	 0.002578818
4544530.0 	 0.002575516
4547200.0 	 0.002572201
4549880.0 	 0.002568873
4552550.0 	 0.002565558
4555230.0 	 0.002562231
4557910.0 	 0.002558904
4560000.0 	 0.002556309
4560590.0 	 0.002555577
4563270.0 	 0.00255225
4565960.0 	 0.002548909
4568650.0 	 0.00254557
4571340.0 	 0.00254223
4572600.0 	 0.002540666
4574030.0 	 0.002538891
4576730.0 	 0.002535538
4579430.0 	 0.002532186
4580000.0 	 0.002531479
4582130.0 	 0.002519424
4585510.0 	 0.002500293
4589570.0 	 0.002477314
4593630.0 	 0.002454334
4597700.0 	 0.002431299
4600000.0 	 0.002418281
4601780.0 	 0.002408207
4605860.0 	 0.002385114
4609950.0 	 0.002361966
4614040.0 	 0.002338817
4618140.0 	 0.002315611
4620000.0 	 0.002305084
4622240.0 	 0.002292405
4626350.0 	 0.002269144
4630470.0 	 0.002245825
4634590.0 	 0.002222506
4638710.0 	 0.002199187
4640000.0 	 0.002191886
4642850.0 	 0.002167699
4646980.0 	 0.002132651
4651120.0 	 0.002097516
4655270.0 	 0.002062297
4659430.0 	 0.002026994
4660000.0 	 0.002022157
4663590.0 	 0.002011417
4663600.0 	 0.002011387
4667750.0 	 0.001998972
4671920.0 	 0.001986498
4676100.0 	 0.001973993
4680280.0 	 0.001961489
4684460.0 	 0.001948984
4688660.0 	 0.001936419
4692160.0 	 0.001925949
4694960.0 	 0.001917573
4697760.0 	 0.001909197
4700000.0 	 0.001902496
4700570.0 	 0.001902928
4703380.0 	 0.00190506
4706190.0 	 0.00190719
4709000.0 	 0.001909322
4711820.0 	 0.001911461
4714640.0 	 0.0019136
4717460.0 	 0.001915739
4720000.0 	 0.001917665
4720280.0 	 0.001917878
4723110.0 	 0.001920024
4723200.0 	 0.001920092
4725940.0 	 0.001922171
4728770.0 	 0.001924317
4731600.0 	 0.001926464
4734440.0 	 0.001928618
4737280.0 	 0.001930772
4740000.0 	 0.001932835
4740120.0 	 0.001934516
4742970.0 	 0.00197444
4746530.0 	 0.002024311
4750800.0 	 0.002084127
4755090.0 	 0.002144224
4759370.0 	 0.002204181
4763670.0 	 0.002264418
4767970.0 	 0.002324655
4772270.0 	 0.002384892
4775600.0 	 0.002431541
4776580.0 	 0.002445268
4777400.0 	 0.002456754
4780000.0 	 0.002493174
4780900.0 	 0.002499477
4781380.0 	 0.002502838
4781385.0 	 0.002502874
4783500.0 	 0.002517691
4785230.0 	 0.002529811
4789550.0 	 0.002560075
4793170.0 	 0.002585437
4796060.0 	 0.002605683
4798950.0 	 0.00262593
4800000.0 	 0.002633286
4801850.0 	 0.002637016
4804750.0 	 0.002642863
4807660.0 	 0.00264873
4809900.0 	 0.002653246
4810560.0 	 0.002654577
4813470.0 	 0.002660444
4816380.0 	 0.002666311
4819290.0 	 0.002672179
4820000.0 	 0.00267361
4822210.0 	 0.002662585
4825130.0 	 0.002648017
4828050.0 	 0.002633448
4830980.0 	 0.002618831
4833900.0 	 0.002604263
4836830.0 	 0.002589645
4839770.0 	 0.002574977
4840000.0 	 0.00257383
4842400.0 	 0.002561857
4842700.0 	 0.00256036
4845640.0 	 0.002545692
4848580.0 	 0.002531024
4851520.0 	 0.002516357
4854470.0 	 0.002501639
4857410.0 	 0.002486972
4860000.0 	 0.00247405
4860370.0 	 0.002471277
4863320.0 	 0.00244917
4864000.0 	 0.002444074
4866280.0 	 0.002426988
4869240.0 	 0.002404806
4872200.0 	 0.002382623
4875160.0 	 0.002360441
4878130.0 	 0.002338184
4880000.0 	 0.00232417
4881100.0 	 0.002313187
4884070.0 	 0.002283535
4887050.0 	 0.002253783
4890770.0 	 0.002216643
4895240.0 	 0.002172014
4896500.0 	 0.002159434
4899720.0 	 0.002127286
4900000.0 	 0.00212449
4903460.0 	 0.002114148
4906460.0 	 0.002105181
4909450.0 	 0.002096244
4912450.0 	 0.002087277
4915450.0 	 0.00207831
4918460.0 	 0.002069313
4921460.0 	 0.002060346
4924470.0 	 0.002051349
4927490.0 	 0.002042322
4930500.0 	 0.002033325
4934270.0 	 0.002022056
4938810.0 	 0.002008487
4940000.0 	 0.00200493
4943350.0 	 0.002008316
4947890.0 	 0.002012906
4952450.0 	 0.002017516
4954000.0 	 0.002019084
4957000.0 	 0.002022117
4960000.0 	 0.00202515
4961570.0 	 0.002033802
4966140.0 	 0.002058987
4970720.0 	 0.002084228
4975300.0 	 0.002109468
4979890.0 	 0.002134763
4980000.0 	 0.002135369
4984490.0 	 0.002173584
4989090.0 	 0.002212735
4993700.0 	 0.00225197
4998320.0 	 0.002291291
5000000.0 	 0.002305589
5002940.0 	 0.002290175
5006210.0 	 0.00227303
5006600.0 	 0.002270985
5007570.0 	 0.002265899
5012200.0 	 0.002241623
5016850.0 	 0.002217243
5020000.0 	 0.002200727
5021490.0 	 0.002192915
5026150.0 	 0.002168482
5029800.0 	 0.002149345
5030810.0 	 0.002144049
5034700.0 	 0.002123654
5037810.0 	 0.002107347
5040000.0 	 0.002095865
5040930.0 	 0.002092853
5044050.0 	 0.002082747
5047170.0 	 0.00207264
5049000.0 	 0.002066713
5049720.0 	 0.002064381
5049723.0 	 0.002064371
5050300.0 	 0.002062502
5053430.0 	 0.002052363
5056560.0 	 0.002042225
5059700.0 	 0.002032054
5062830.0 	 0.002021916
5065980.0 	 0.002011713
5069120.0 	 0.002001542
5072270.0 	 0.001991339
5075420.0 	 0.001981135
5078570.0 	 0.001970933
5080000.0 	 0.0019663
5081720.0 	 0.001964599
5084880.0 	 0.001961472
5088830.0 	 0.001957563
5093580.0 	 0.001952863
5098340.0 	 0.001948153
5100000.0 	 0.001946511
5103100.0 	 0.001987619
5107870.0 	 0.002050874
5111100.0 	 0.002093706
5112640.0 	 0.002114128
5117430.0 	 0.002177647
5122220.0 	 0.002241167
5127010.0 	 0.002304687
5131010.0 	 0.00235773
5134220.0 	 0.002400297
5137430.0 	 0.002442864
5140000.0 	 0.002476945
5140640.0 	 0.002490069
5143850.0 	 0.002555894
5147070.0 	 0.002621924
5150100.0 	 0.002684056
5150290.0 	 0.002687953
5153510.0 	 0.002753983
5154000.0 	 0.002764031
5156740.0 	 0.002820217
5158500.0 	 0.002856308
5158509.0 	 0.002856493
5159960.0 	 0.002886247
5160000.0 	 0.002887067
5163200.0 	 0.002969502
5166430.0 	 0.003052709
5169670.0 	 0.003136174
5172910.0 	 0.003219639
5176970.0 	 0.003324227
5181840.0 	 0.003449683
5186720.0 	 0.003575394
5191610.0 	 0.003701365
5194500.0 	 0.003775814
5196500.0 	 0.003827335
5200000.0 	 0.003917497
5201400.0 	 0.00396582
5206310.0 	 0.004135292
5211220.0 	 0.004304763
5216140.0 	 0.004474581
5217200.0 	 0.004511168
5220000.0 	 0.004607812
5221070.0 	 0.004652228
5226010.0 	 0.004857292
5230950.0 	 0.005062355
5235900.0 	 0.005267834
5240000.0 	 0.005438028
5240860.0 	 0.005473727
5245820.0 	 0.005679621
5250000.0 	 0.005853136
5250790.0 	 0.005885922
5255770.0 	 0.006092603
5260000.0 	 0.006268158
5260760.0 	 0.006303886
5265750.0 	 0.006538468
5270750.0 	 0.006773523
5272500.0 	 0.006855791
5275750.0 	 0.007008575
5280000.0 	 0.007208372
5280770.0 	 0.007234175
5285790.0 	 0.0074024
5290820.0 	 0.007570959
5295850.0 	 0.007739519
5300000.0 	 0.007878589
5300890.0 	 0.007895063
5305940.0 	 0.007988543
5311000.0 	 0.00808221
5316060.0 	 0.008175875
5320000.0 	 0.008248808
5321140.0 	 0.00825623
5326210.0 	 0.008289239
5331300.0 	 0.00832238
5336390.0 	 0.008355519
5340000.0 	 0.008379023
5341490.0 	 0.008355199
5346600.0 	 0.008273493
5351720.0 	 0.008191628
5352100.0 	 0.008185552
5356840.0 	 0.008109762
5360000.0 	 0.008059235
5361970.0 	 0.008011976
5367110.0 	 0.007888673
5372250.0 	 0.007765369
5375400.0 	 0.007689803
5377410.0 	 0.007641586
5382560.0 	 0.007518043
5387730.0 	 0.007394019
5392910.0 	 0.007269756
5398090.0 	 0.007145492
5399200.0 	 0.007118865
5400000.0 	 0.00709967
5400100.0 	 0.007098947
5401980.0 	 0.007085342
5401981.0 	 0.007085335
5403280.0 	 0.007075938
5408470.0 	 0.007038394
5413680.0 	 0.007000704
5418890.0 	 0.006963016
5420900.0 	 0.006948476
5421660.0 	 0.006942978
5421666.0 	 0.006942935
5424110.0 	 0.006925254
5428470.0 	 0.006893715
5431950.0 	 0.00686854
5435450.0 	 0.006843221
5438940.0 	 0.006817975
5440000.0 	 0.006810307
5442440.0 	 0.006810352
5445940.0 	 0.006810417
5449450.0 	 0.006810481
5449500.0 	 0.006810483
5452950.0 	 0.006810547
5456470.0 	 0.006810612
5459980.0 	 0.006810676
5460000.0 	 0.006810677
5463500.0 	 0.006838725
5467020.0 	 0.006866931
5470550.0 	 0.006895219
5474080.0 	 0.006923507
5477610.0 	 0.006951794
5481150.0 	 0.006980161
5484690.0 	 0.007008528
5488230.0 	 0.007036897
5491770.0 	 0.007065264
5495000.0 	 0.007091147
5495320.0 	 0.007093712
5498880.0 	 0.007122239
5500000.0 	 0.007131215
5502430.0 	 0.007466564
5505990.0 	 0.007957856
5509560.0 	 0.00845053
5510000.0 	 0.008511251
5513120.0 	 0.009001131
5516690.0 	 0.009561667
5520000.0 	 0.01008138
5520270.0 	 0.01010339
5523850.0 	 0.0103952
5528320.0 	 0.01075956
5533700.0 	 0.01119809
5539090.0 	 0.01163743
5540000.0 	 0.01171161
5544480.0 	 0.01110688
5549880.0 	 0.01037797
5555300.0 	 0.009646348
5560000.0 	 0.00901192
5560710.0 	 0.008990627
5566140.0 	 0.008827772
5571580.0 	 0.008664618
5577020.0 	 0.008501464
5580000.0 	 0.008412089
5581500.0 	 0.008447207
5582250.0 	 0.008464717
5582254.0 	 0.008464811
5582470.0 	 0.008469855
5587930.0 	 0.008597365
5590000.0 	 0.008645708
5593390.0 	 0.008724876
5598870.0 	 0.008852854
5600000.0 	 0.008879244
5604350.0 	 0.008980831
5608100.0 	 0.009068407
5609840.0 	 0.009109042
5610000.0 	 0.009112779
5615340.0 	 0.009326483
5620000.0 	 0.009512974
5620850.0 	 0.009483241
5626360.0 	 0.009290503
5631890.0 	 0.009097064
5634100.0 	 0.009019759
5637420.0 	 0.008903626
5640000.0 	 0.008813378
5642960.0 	 0.008635838
5646800.0 	 0.008405515
5647520.0 	 0.00836233
5647525.0 	 0.00836203
5648510.0 	 0.008302956
5654060.0 	 0.007970104
5659630.0 	 0.007636051
5660000.0 	 0.007613861
5665200.0 	 0.007561999
5670000.0 	 0.007514127
5670780.0 	 0.007527148
5676370.0 	 0.007620464
5676800.0 	 0.007627642
5677570.0 	 0.007640496
5677571.0 	 0.007640513
5679900.0 	 0.007679392
5680680.0 	 0.007692413
5681970.0 	 0.007713947
5687570.0 	 0.007807431
5690000.0 	 0.007847995
5693190.0 	 0.007901247
5698810.0 	 0.007995064
5700000.0 	 0.008014929
5704440.0 	 0.008148249
5710080.0 	 0.008317601
5715720.0 	 0.008486953
5720000.0 	 0.008615468
5721200.0 	 0.008687506
5721380.0 	 0.008698312
5727050.0 	 0.00903869
5732720.0 	 0.00937907
5738400.0 	 0.009720049
5740000.0 	 0.009816099
5744090.0 	 0.01092047
5749790.0 	 0.01245956
5750000.0 	 0.01251627
5755490.0 	 0.01399873
5760000.0 	 0.01521658
5761210.0 	 0.0160636
5766930.0 	 0.02006775
5770600.0 	 0.02263684
5772660.0 	 0.02407889
5778410.0 	 0.02810403
5780000.0 	 0.02921707
5784150.0 	 0.03191468
5789910.0 	 0.03565883
5795680.0 	 0.03940948
5800000.0 	 0.04221759
5801460.0 	 0.04121024
5807240.0 	 0.0372222
5813030.0 	 0.03322727
5817400.0 	 0.03021209
5818830.0 	 0.02922542
5820000.0 	 0.02841816
5824640.0 	 0.02498467
5830460.0 	 0.02067801
5834800.0 	 0.01746652
5836290.0 	 0.01636396
5840000.0 	 0.01361865
5842130.0 	 0.01391691
5847970.0 	 0.01473467
5852850.0 	 0.015418
5856760.0 	 0.01596551
5860000.0 	 0.0164192
5860670.0 	 0.01670062
5864580.0 	 0.01834292
5868500.0 	 0.01998944
5872420.0 	 0.02163595
5876350.0 	 0.02328666
5880000.0 	 0.02481976
5880280.0 	 0.02485897
5884210.0 	 0.02540927
5888150.0 	 0.02596096
5892090.0 	 0.02651266
5896040.0 	 0.02706575
5899990.0 	 0.02761885
5900000.0 	 0.02762025
5903940.0 	 0.02624137
5907900.0 	 0.02485549
5911860.0 	 0.02346961
5915830.0 	 0.02208023
5919800.0 	 0.02069085
5920000.0 	 0.02062086
5923770.0 	 0.0199235
5927750.0 	 0.0191873
5931730.0 	 0.0184511
5935720.0 	 0.01771305
5939710.0 	 0.01697501
5940000.0 	 0.01692136
5943700.0 	 0.01662546
5947700.0 	 0.01630557
5951700.0 	 0.01598568
5955710.0 	 0.01566499
5959720.0 	 0.01534429
5960000.0 	 0.0153219
5963730.0 	 0.0153593
5968760.0 	 0.01540973
5974790.0 	 0.01547019
5980000.0 	 0.01552242
5980840.0 	 0.01557074
5986900.0 	 0.01591934
5992960.0 	 0.01626793
5999030.0 	 0.0166171
6000000.0 	 0.0166729
6005120.0 	 0.01696746
6009900.0 	 0.01724246
6011210.0 	 0.01731782
6017310.0 	 0.01766876
6020000.0 	 0.01782352
6023420.0 	 0.01789201
6029540.0 	 0.01801456
6035670.0 	 0.01813733
6040000.0 	 0.01822404
6041810.0 	 0.01831202
6047960.0 	 0.01861096
6054120.0 	 0.0189104
6056700.0 	 0.01903581
6060000.0 	 0.01919622
6060280.0 	 0.01920984
6066460.0 	 0.01951024
6072650.0 	 0.01981112
6078840.0 	 0.02011202
6085050.0 	 0.02041388
6086600.0 	 0.02048922
6091260.0 	 0.02071574
6097490.0 	 0.02101858
6100000.0 	 0.02114059
6103720.0 	 0.02133432
6109960.0 	 0.0216593
6116220.0 	 0.02198532
6120000.0 	 0.02218218
6122480.0 	 0.02231132
6128750.0 	 0.02263782
6135030.0 	 0.02296484
6140000.0 	 0.02322365
6141330.0 	 0.02329298
6147630.0 	 0.02362141
6153940.0 	 0.02395035
6160000.0 	 0.02426626
6160260.0 	 0.0242798
6167650.0 	 0.02466465
6176100.0 	 0.02510469
6180000.0 	 0.02530779
6184580.0 	 0.02554641
6193070.0 	 0.02598876
6200000.0 	 0.02634983
6201590.0 	 0.02643267
6210110.0 	 0.02687658
6213400.0 	 0.02704799
6215280.0 	 0.02714595
6215283.0 	 0.0271461
6218660.0 	 0.02732205
6220000.0 	 0.02739187
6222100.0 	 0.02750122
6227220.0 	 0.02776784
6235810.0 	 0.02821515
6236100.0 	 0.02823025
6240000.0 	 0.02843334
6244410.0 	 0.02878451
6250000.0 	 0.02922964
6253020.0 	 0.03098132
6260000.0 	 0.0350299
6261660.0 	 0.03652395
6267300.0 	 0.04160009
6270000.0 	 0.04403013
6270310.0 	 0.04414639
6272500.0 	 0.04496771
6273300.0 	 0.04526773
6273301.0 	 0.04526811
6278700.0 	 0.04729294
6278980.0 	 0.04739795
6280000.0 	 0.04778049
6280550.0 	 0.04798676
6280554.0 	 0.04798826
6281800.0 	 0.04845556
6282620.0 	 0.04876308
6282626.0 	 0.04876533
6285500.0 	 0.04984345
6289850.0 	 0.05147526
6290000.0 	 0.05153152
6294200.0 	 0.0523721
6298560.0 	 0.05324469
6300000.0 	 0.05353289
6302920.0 	 0.05280329
6306300.0 	 0.05195873
6307290.0 	 0.05171138
6310000.0 	 0.05103424
6311660.0 	 0.05037045
6316040.0 	 0.04861902
6320000.0 	 0.04703553
6320420.0 	 0.04693689
6324800.0 	 0.04590818
6329190.0 	 0.04487712
6333590.0 	 0.04384371
6337990.0 	 0.0428103
6340000.0 	 0.04233822
6342390.0 	 0.04230269
6346800.0 	 0.04223713
6351210.0 	 0.04217158
6353080.0 	 0.04214379
6353300.0 	 0.04214051
6355630.0 	 0.04210588
6360000.0 	 0.04204092
6360050.0 	 0.04205342
6364480.0 	 0.04316151
6368910.0 	 0.04426959
6370000.0 	 0.04454224
6373350.0 	 0.04505635
6377790.0 	 0.04573773
6380000.0 	 0.04607689
6382240.0 	 0.04642065
6386690.0 	 0.04710357
6388200.0 	 0.0473353
6391140.0 	 0.04778649
6395600.0 	 0.04847094
6400000.0 	 0.04914619
6400070.0 	 0.0491511
6404530.0 	 0.0494639
6409010.0 	 0.0497781
6413490.0 	 0.05009231
6417970.0 	 0.05040651
6420000.0 	 0.05054889
6422460.0 	 0.05050617
6426950.0 	 0.05042819
6431450.0 	 0.05035003
6435950.0 	 0.05027188
6440000.0 	 0.05020154
6440460.0 	 0.05019355
6444970.0 	 0.05011522
6449480.0 	 0.05003689
6454010.0 	 0.04995822
6458530.0 	 0.04987971
6460000.0 	 0.04985418
6463060.0 	 0.04996169
6464400.0 	 0.05000877
6469870.0 	 0.05020095
6478960.0 	 0.05052031
6480000.0 	 0.05055685
6488070.0 	 0.051214
6497200.0 	 0.05195747
6500000.0 	 0.05218548
6502300.0 	 0.05237277
6506340.0 	 0.05270175
6515510.0 	 0.05344848
6524500.0 	 0.05418055
6524700.0 	 0.05419684
6533900.0 	 0.05494601
6540000.0 	 0.05544274
6543130.0 	 0.05533356
6552380.0 	 0.05501092
6560000.0 	 0.05474513
6561640.0 	 0.05466773
6570930.0 	 0.05422928
6572900.0 	 0.05413631
6573760.0 	 0.05409573
6580000.0 	 0.05380124
6580230.0 	 0.05379038
6589550.0 	 0.05335053
6592600.0 	 0.05320658
6598900.0 	 0.05290926
6600000.0 	 0.05285734
6608260.0 	 0.05246751
6617650.0 	 0.05202436
6620000.0 	 0.05191345
6627050.0 	 0.05238457
6636480.0 	 0.05301473
6640000.0 	 0.05324996
6645920.0 	 0.05364553
6653020.0 	 0.05411997
6657760.0 	 0.0544367
6662500.0 	 0.05475343
6667250.0 	 0.05507083
6670000.0 	 0.05525459
6672000.0 	 0.05551564
6672300.0 	 0.0555548
6673220.0 	 0.05567488
6676760.0 	 0.05613693
6680000.0 	 0.05655983
6681520.0 	 0.05671202
6686290.0 	 0.05718963
6690000.0 	 0.0575611
6691060.0 	 0.05758518
6695840.0 	 0.05769379
6700630.0 	 0.05780262
6705410.0 	 0.05791122
6708900.0 	 0.05799052
6710000.0 	 0.05801551
6710210.0 	 0.05803001
6710700.0 	 0.05806386
6715010.0 	 0.05836157
6719810.0 	 0.05869312
6720000.0 	 0.05870624
6724620.0 	 0.05902536
6729440.0 	 0.0593583
6730000.0 	 0.05939698
6734250.0 	 0.05969032
6739080.0 	 0.0600237
6740000.0 	 0.0600872
6743910.0 	 0.06035708
6749950.0 	 0.06077398
6750000.0 	 0.06077742
6750920.0 	 0.06084093
6750922.0 	 0.06084106
6757220.0 	 0.06127577
6760000.0 	 0.06146765
6764500.0 	 0.0621962
6771780.0 	 0.06337482
6773000.0 	 0.06357234
6779090.0 	 0.0645583
6780000.0 	 0.06470563
6786400.0 	 0.06574178
6790400.0 	 0.06638938
6793720.0 	 0.06714507
6794400.0 	 0.06729985
6794436.0 	 0.06730804
6800000.0 	 0.06857451
6801060.0 	 0.06886614
6808400.0 	 0.07088553
6815760.0 	 0.07291044
6820000.0 	 0.07407695
6823140.0 	 0.07494084
6830520.0 	 0.07697123
6837920.0 	 0.07900714
6840000.0 	 0.07957939
6845320.0 	 0.08104304
6852740.0 	 0.08308445
6857800.0 	 0.08447657
6859700.0 	 0.08499933
6859707.0 	 0.08500125
6860000.0 	 0.08508187
6860180.0 	 0.08511669
6867620.0 	 0.086556
6875080.0 	 0.08799918
6882540.0 	 0.08944237
6890030.0 	 0.09089135
6897520.0 	 0.09234033
6905020.0 	 0.09379125
6912540.0 	 0.09524604
6920000.0 	 0.09668922
6920070.0 	 0.09669786
6927610.0 	 0.09762873
6932200.0 	 0.09819539
6932231.0 	 0.09819922
6935170.0 	 0.09856205
6937400.0 	 0.09883737
6940000.0 	 0.09915836
6942740.0 	 0.09949662
6950000.0 	 0.1003929
6950320.0 	 0.1004324
6951900.0 	 0.1006275
6951916.0 	 0.1006295
6957910.0 	 0.1013695
6960000.0 	 0.1016275
6965510.0 	 0.1023077
6973130.0 	 0.1032485
6980000.0 	 0.1040966
6980760.0 	 0.1043133
6988400.0 	 0.1064916
6996060.0 	 0.1086757
7000000.0 	 0.1097991
7001500.0 	 0.1094464
7003720.0 	 0.1089245
7011400.0 	 0.1071191
7019100.0 	 0.1053089
7020000.0 	 0.1050973
7026800.0 	 0.1016982
7034520.0 	 0.09783907
7040000.0 	 0.09509973
7042250.0 	 0.09477376
7049600.0 	 0.0937089
7049990.0 	 0.0936524
7057750.0 	 0.09252815
7060000.0 	 0.09220217
7066820.0 	 0.09121411
7077200.0 	 0.08971026
7080000.0 	 0.08930461
7087600.0 	 0.08858352
7091900.0 	 0.08817553
7093850.0 	 0.08799051
7093855.0 	 0.08799004
7098030.0 	 0.0875939
7100000.0 	 0.08740699
7107300.0 	 0.08712774
7107324.0 	 0.08712681
7108480.0 	 0.08708259
7109800.0 	 0.08703209
7115700.0 	 0.0868064
7118960.0 	 0.08668168
7120000.0 	 0.0866419
7127000.0 	 0.08637412
7127009.0 	 0.08637378
7129460.0 	 0.08628001
7135000.0 	 0.08606808
7137400.0 	 0.08620373
7139980.0 	 0.08634956
7140000.0 	 0.08635069
7150520.0 	 0.08694584
7160000.0 	 0.08748215
7161090.0 	 0.08754382
7161900.0 	 0.08758964
7171680.0 	 0.08814292
7176700.0 	 0.08842691
7176740.0 	 0.08842916
7182300.0 	 0.08874372
7192930.0 	 0.08934508
7200000.0 	 0.08974505
7203600.0 	 0.08994869
7214000.0 	 0.09053699
7214280.0 	 0.09055283
7217200.0 	 0.09071801
7220000.0 	 0.0908764
7224990.0 	 0.09168665
7235730.0 	 0.09343053
7240000.0 	 0.09412387
7245140.0 	 0.09553795
7253220.0 	 0.09776088
7260000.0 	 0.09962616
7261320.0 	 0.1008143
7261700.0 	 0.1011564
7266100.0 	 0.1051169
7269430.0 	 0.1081143
7277550.0 	 0.1154233
7280000.0 	 0.1176286
7285690.0 	 0.1211286
7293840.0 	 0.1261418
7300000.0 	 0.129931
7302000.0 	 0.1284412
7310180.0 	 0.1223481
7318370.0 	 0.1162475
7326580.0 	 0.1101321
7334800.0 	 0.1040092
7340000.0 	 0.1001358
7343030.0 	 0.1002877
7351280.0 	 0.1007012
7359540.0 	 0.1011152
7360000.0 	 0.1011383
7367810.0 	 0.1042828
7376100.0 	 0.1076204
7380000.0 	 0.1091907
7384410.0 	 0.1109662
7392720.0 	 0.114312
7400000.0 	 0.117243
7401050.0 	 0.1179755
7409400.0 	 0.1238007
7417760.0 	 0.1296329
7420000.0 	 0.1311956
7426130.0 	 0.135472
7434520.0 	 0.1413251
7440000.0 	 0.1451481
7442920.0 	 0.1466084
7451340.0 	 0.1508195
7460000.0 	 0.1551505
7462590.0 	 0.1557335
7476680.0 	 0.1589051
7480000.0 	 0.1596525
7490810.0 	 0.1596918
7500000.0 	 0.1597253
7504980.0 	 0.1597389
7514600.0 	 0.1597651
7519190.0 	 0.1597776
7520000.0 	 0.1597798
7533450.0 	 0.1598164
7540000.0 	 0.1598343
7547740.0 	 0.1618244
7550000.0 	 0.1624055
7562080.0 	 0.1655195
7576450.0 	 0.1692238
7578800.0 	 0.1698296
7580000.0 	 0.1701389
7590870.0 	 0.1755749
7600000.0 	 0.1801407
7605330.0 	 0.1828062
7619830.0 	 0.1900576
7620000.0 	 0.1901426
7626400.0 	 0.1951089
7634370.0 	 0.2012935
7640000.0 	 0.2056622
7647100.0 	 0.2111718
7647108.0 	 0.211178
7648950.0 	 0.2126074
7649000.0 	 0.2126462
7660000.0 	 0.2098866
7663580.0 	 0.2089885
7678250.0 	 0.2053083
7680000.0 	 0.2048693
7682000.0 	 0.2043676
7683000.0 	 0.2041167
7684400.0 	 0.2037655
7684406.0 	 0.203764
7692960.0 	 0.2016181
7700000.0 	 0.199852
7707710.0 	 0.1961133
7718600.0 	 0.1908326
7720000.0 	 0.1901537
7722500.0 	 0.1874665
7737340.0 	 0.1715154
7740000.0 	 0.1686562
7752220.0 	 0.1688102
7760000.0 	 0.1689083
7767150.0 	 0.1689985
7780000.0 	 0.1691605
7782110.0 	 0.1695124
7797120.0 	 0.1720155
7800000.0 	 0.1724958
7803300.0 	 0.1730461
7812180.0 	 0.1745269
7820000.0 	 0.175831
7834840.0 	 0.1783058
7840000.0 	 0.1791663
7860000.0 	 0.1836684
7865220.0 	 0.1862528
7895770.0 	 0.2013784
7900000.0 	 0.2034727
7907500.0 	 0.2058549
7920000.0 	 0.2098251
7926500.0 	 0.2118897
7940000.0 	 0.2161776
7957410.0 	 0.2129296
7960000.0 	 0.2124464
7967600.0 	 0.2110286
7980000.0 	 0.2087153
7988500.0 	 0.2071295
8000000.0 	 0.2049841
8019780.0 	 0.2041605
8030000.0 	 0.203735
8051240.0 	 0.2028566
8060000.0 	 0.2024945
8071800.0 	 0.2020065
8080000.0 	 0.2016674
8080200.0 	 0.2016591
8082880.0 	 0.2015483
8100000.0 	 0.2008403
8114720.0 	 0.2002316
8120000.0 	 0.2000133
8140000.0 	 0.1991862
8146740.0 	 0.198378
8160000.0 	 0.1967881
8176100.0 	 0.1903228
8178950.0 	 0.1891784
8211360.0 	 0.1761635
8219000.0 	 0.1730955
8219009.0 	 0.1730918
8220000.0 	 0.1726939
8240000.0 	 0.1672957
8243960.0 	 0.1672764
8260000.0 	 0.1671979
8276760.0 	 0.1697135
8280000.0 	 0.1701998
8300000.0 	 0.1703672
8309750.0 	 0.1704489
8320000.0 	 0.1705347
8342940.0 	 0.1707268
8360000.0 	 0.1708696
8376330.0 	 0.1710064
8400000.0 	 0.1712046
8409930.0 	 0.1712877
8420000.0 	 0.171372
8443720.0 	 0.1715706
8460000.0 	 0.1717069
8477730.0 	 0.1718554
8480000.0 	 0.1718744
8500000.0 	 0.1720419
8511930.0 	 0.1722317
8520000.0 	 0.1723602
8540000.0 	 0.1726785
8546350.0 	 0.1727796
8556800.0 	 0.1729459
8560000.0 	 0.1729969
8580000.0 	 0.1733152
8580980.0 	 0.1733308
8584900.0 	 0.1733932
8600000.0 	 0.1736335
8615820.0 	 0.1738854
8620000.0 	 0.1739519
8628300.0 	 0.174084
8640000.0 	 0.1742702
8650870.0 	 0.1744432
8660000.0 	 0.1745886
8680000.0 	 0.1749069
8686140.0 	 0.1750046
8700000.0 	 0.1752252
8716300.0 	 0.1754847
8716314.0 	 0.1754849
8721620.0 	 0.1755694
8740000.0 	 0.1758619
8745300.0 	 0.1759463
8757330.0 	 0.1761378
8760000.0 	 0.1761803
8770000.0 	 0.1763394
8780000.0 	 0.1764986
8793250.0 	 0.1767095
8800000.0 	 0.1768169
8820000.0 	 0.1771353
8829400.0 	 0.1772849
8851000.0 	 0.1776287
8851001.0 	 0.1776287
8865770.0 	 0.1778638
8898700.0 	 0.1783879
8902370.0 	 0.1784463
8939190.0 	 0.1790324
8976250.0 	 0.1796223
8980000.0 	 0.179682
8981800.0 	 0.1797106
9000000.0 	 0.1800003
9013540.0 	 0.1801059
9051060.0 	 0.1803984
9088820.0 	 0.1806929
9126810.0 	 0.1809891
9130100.0 	 0.1810147
9165050.0 	 0.1812873
9203530.0 	 0.1815873
9225000.0 	 0.1817547
9225016.0 	 0.1817548
9242250.0 	 0.1818892
9281220.0 	 0.182193
9320430.0 	 0.1824988
9324500.0 	 0.1825305
9338600.0 	 0.1826404
9350010.0 	 0.1827294
9369800.0 	 0.1828837
9389660.0 	 0.1830385
9409590.0 	 0.183194
9429570.0 	 0.1833497
9459670.0 	 0.1835844
9500000.0 	 0.1838989
9500030.0 	 0.183899
9540650.0 	 0.1840673
9575100.0 	 0.1842101
9581530.0 	 0.1842368
9622680.0 	 0.1844073
9664090.0 	 0.1845789
9698800.0 	 0.1847227
9705770.0 	 0.1847516
9747730.0 	 0.1849255
9789960.0 	 0.1851005
9800000.0 	 0.1851421
9812600.0 	 0.1851943
9832460.0 	 0.1852766
9875250.0 	 0.185454
9939950.0 	 0.1857221
1.0E7 	 0.1859709
1.00272E7 	 0.1859842
1.01157E7 	 0.1860274
1.02053E7 	 0.1860711
1.02961E7 	 0.1861155
1.0346E7 	 0.1861398
1.03881E7 	 0.1861604
1.04814E7 	 0.1862059
1.05E7 	 0.186215
10520000000	 0.1862247
10540000000	 0.1862345
1.0576E7 	 0.1862521
10580000000	 0.186254
1.06E7 	 0.1862638
1.06718E7 	 0.1862988
1.0769E7 	 0.1863463
1.08E7 	 0.1863614
10850000000	 0.1863858
1.08675E7 	 0.1863943
10880000000	 0.1864004
1.09E7 	 0.1864102
10940000000	 0.1864297
1.0953E7 	 0.1864361
10960000000	 0.1864395
1.09674E7 	 0.1864431
10980000000	 0.1864492
1.1E7 	 0.186459
1.10686E7 	 0.1862847
11160000000	 0.1860524
1.11713E7 	 0.1860237
1.12E7 	 0.1859508
1.12754E7 	 0.1857592
1.13E7 	 0.1856967
11380000000	 0.1854934
1.1381E7 	 0.1854909
1.14E7 	 0.1854426
11440000000	 0.1853409
11460000000	 0.1852901
11480000000	 0.1852393
1.14881E7 	 0.1852187
11560000000	 0.185036
1.15967E7 	 0.1849427
1.17069E7 	 0.1846627
1.1725E7 	 0.1846167
1.18187E7 	 0.1843786
1.1825E7 	 0.1843626
1.19E7 	 0.184172
1.19321E7 	 0.1840904
1.1975E7 	 0.1839814
1.2E7 	 0.1839179
1.2004E7 	 0.1839103
1.20471E7 	 0.1838288
1.21E7 	 0.1837287
1.21638E7 	 0.183608
1.22823E7 	 0.1833838
1.24024E7 	 0.1831566
1.2445E7 	 0.183076
1.25E7 	 0.182972
1.25244E7 	 0.1829258
1.26482E7 	 0.1826916
1.27738E7 	 0.1824539
1.29014E7 	 0.1822125
1.3E7 	 0.182026
1.30308E7 	 0.181901
1.31623E7 	 0.1813672
1.32957E7 	 0.1808256
1.34313E7 	 0.1802752
13450000000	 0.1801993
1.35689E7 	 0.1797166
1.37086E7 	 0.1791495
1.38506E7 	 0.1785731
1.39E7 	 0.1783725
1.39947E7 	 0.1779881
1.4E7 	 0.1779666
1.41412E7 	 0.1773934
1.42899E7 	 0.1767898
1.44411E7 	 0.176176
1.45E7 	 0.1759369
1.4512E7 	 0.1756283
1.45947E7 	 0.1735015
14750000000	 0.1695078
1.47507E7 	 0.1694898
1.49094E7 	 0.1654086
1.5E7 	 0.1630787
1.50705E7 	 0.1612657
1.52344E7 	 0.1570507
1.54009E7 	 0.1527689
1.55703E7 	 0.1484126
1.57424E7 	 0.1439868
15750000000	 0.1437913
1.59175E7 	 0.1394838
1.6E7 	 0.1373622
1.60955E7 	 0.1340061
1.6132E7 	 0.1327234
1.62765E7 	 0.1276453
1.64606E7 	 0.1211755
1.66479E7 	 0.1145933
1.68385E7 	 0.1078952
1.7E7 	 0.1022196
1.70324E7 	 0.101081
1.72296E7 	 0.09415091
1.74304E7 	 0.08709428
1.75E7 	 0.08464836
1.76347E7 	 0.08123752
17750000000	 0.07831793
1.7794E7 	 0.07720377
1.7797E7 	 0.0771278
1.78426E7 	 0.07597314
1.8E7 	 0.07198749
1.80543E7 	 0.07061252
1.8147E7 	 0.0682652
1.82698E7 	 0.06515569
1.84892E7 	 0.0596001
1.87127E7 	 0.05394069
1.89403E7 	 0.04817747
1.9E7 	 0.04666576
1.9172E7 	 0.04231042
19250000000	 0.04033533
1.94081E7 	 0.03633197
1.95E7 	 0.0340049
1.96487E7 	 0.03023956
1.999999E7 	 0.02134428
2.0E7 	 0.029566770012154995
2.000001E7 	 0.03778926002431
2.015124E7 	 0.036625455031315965
2.06042E7 	 0.03317883971052047
2.1E7 	 0.03021480230995233
2.2E7 	 0.0229194720473
2.3E7 	 0.01867311501264
2.4E7 	 0.014575560251999999
2.489699E7 	 0.01259738870682221
2.5E7 	 0.012374075103
2.6E7 	 0.0102473293014
2.617952E7 	 0.010054475419384108
2.646391E7 	 0.009751425284838591
2.653447E7 	 0.009676700227201795
2.7E7 	 0.009188249280215001
2.719247E7 	 0.00898859355318279
2.747148E7 	 0.008701514303189176
2.8E7 	 0.008165209770000001
2.851944E7 	 0.007923506537249178
2.9E7 	 0.007703573296885401
2.92624E7 	 0.007584934850683068
2.940796E7 	 0.007519557312385663
3.0E7 	 0.00725677723482
3.099841E7 	 0.008062965932590413
3.1E7 	 0.00806422720757304
3.158999E7 	 0.008527659938591082
3.2E7 	 0.008844350936836559
3.23171E7 	 0.009086368922480978
3.29207E7 	 0.00954030429956205
3.3E7 	 0.00959930379283968
3.4E7 	 0.010331237208412801
3.488123E7 	 0.01095883955092243
3.5E7 	 0.0110422613784
3.515702E7 	 0.011313201084361822
3.532393E7 	 0.01159970861267221
3.6E7 	 0.012744660034197
3.7E7 	 0.014393757290612
3.746898E7 	 0.01514952225246405
3.748597E7 	 0.015176695549486108
3.8E7 	 0.015992145318701998
3.800026E7 	 0.015992556266094672
3.9E7 	 0.017542506129120002
3.928093E7 	 0.017969776847065026
3.9898E7 	 0.01889602496277083
4.0E7 	 0.0190475431349
4.1E7 	 0.0211819815153632
4.109361E7 	 0.02137506679450806
4.112552E7 	 0.021440643096453906
4.2E7 	 0.023193721253579797
4.200523E7 	 0.02320397372238578
4.3E7 	 0.0251155897332984
4.4E7 	 0.026987971811598
4.400575E7 	 0.026998679244338436
4.480351E7 	 0.02848733464758226
4.5E7 	 0.028856463314000002
4.508159E7 	 0.02893296095716157
4.535811E7 	 0.029192423984343168
4.573244E7 	 0.029544341425796268
4.6E7 	 0.029796505512315198
4.606211E7 	 0.029855130566090158
4.654491E7 	 0.03031220031950273
4.677522E7 	 0.03053119613753587
4.7E7 	 0.030745625151518397
4.8E7 	 0.0317095108692176
4.9E7 	 0.03269368285968
4.952802E7 	 0.03322335756614416
5.0E7 	 0.0337035141576
5.083199E7 	 0.033430661000527356
5.1E7 	 0.033377533441631996
5.171388E7 	 0.0331571131124601
5.192917E7 	 0.03309195052914382
5.2E7 	 0.03307060637073
5.3E7 	 0.032772385703639995
5.4E7 	 0.032473934369736
5.482474E7 	 0.03222215030950766
5.5E7 	 0.0321675904584
5.571699E7 	 0.031970013525146466
5.6E7 	 0.0318929172990372
5.661638E7 	 0.03172663334906602
5.7E7 	 0.031624211913080395
5.8E7 	 0.0313607482393392
5.9E7 	 0.0311018917452768
6.0E7 	 0.0308470699323
6.066963E7 	 0.03046539203639315
6.1E7 	 0.030278636114804997
6.2E7 	 0.029719173788055605
6.220879E7 	 0.029603416951274296
6.3E7 	 0.0291678420750744
6.4E7 	 0.028623905692439004
6.5E7 	 0.0280867303598
6.530701E7 	 0.02798512620865325
6.6E7 	 0.0277574567305302
6.7E7 	 0.027432952280677998
6.8E7 	 0.0271131344330798
6.9E7 	 0.026797916123976598
7.0E7 	 0.0264872059624
7.1E7 	 0.0262091365117448
7.161927E7 	 0.026039068902356802
7.2E7 	 0.025935285876816597
7.3E7 	 0.025665406343045004
7.4E7 	 0.0253992646356768
7.5E7 	 0.0251366416566
7.6E7 	 0.0249246826805634
7.7E7 	 0.0247158514129696
7.8E7 	 0.0245100748931406
7.9E7 	 0.0243072908720092
8.0E7 	 0.024107422622100003
8.1E7 	 0.0237695603408164
8.2E7 	 0.0234356939110026
8.3E7 	 0.0231058152820848
8.4E7 	 0.022779900283762602
8.5E7 	 0.0224579331879
8.6E7 	 0.0221160498161472
8.7E7 	 0.0217791947214582
8.8E7 	 0.0214467335803428
8.9E7 	 0.0211180835010816
9.0E7 	 0.0207927340716
9.1E7 	 0.020699543770276
9.2E7 	 0.020608095864262398
9.3E7 	 0.0205182939999024
9.4E7 	 0.0204300284057224
9.5E7 	 0.0203432210184
9.6E7 	 0.020322083604593397
9.7E7 	 0.020303478242767597
9.8E7 	 0.0202868248884158
9.9E7 	 0.020271577804064
1.0E8 	 0.0202572261297
1.02E8 	 0.020144602354808
1.04E8 	 0.020040228008927
1.06E8 	 0.019942608604321
1.08E8 	 0.019850394347943
1.1E8 	 0.0197624040026
1.12E8 	 0.019619209028464802
1.14E8 	 0.019486843575122398
1.16E8 	 0.019364068613212798
1.18E8 	 0.019249764275578403
1.2E8 	 0.019142928729
1.22E8 	 0.019173098010208802
1.24E8 	 0.019213458451833598
1.26E8 	 0.019262112200881806
1.28E8 	 0.0193173235884468
1.3E8 	 0.0193775003541
1.32E8 	 0.019367863899624
1.34E8 	 0.0193646729970296
1.36E8 	 0.0193678793055588
1.38E8 	 0.0193774343305024
1.4E8 	 0.0193932894232
1.42E8 	 0.019358881155837605
1.44E8 	 0.0193323189644912
1.46E8 	 0.019312781619802002
1.48E8 	 0.019299510649113602
1.5E8 	 0.0192918096812