# Energy - Range - STD Range
0.01   180.6   83.8
0.06039855119528887   869.1   332.2
0.11079710239057773   1525.0   515.1
0.16119565358586663   2208.0   645.5
0.21159420478115548   2902.0   807.3
0.26199275597644434   3539.0   923.9
0.31239130717173325   4238.0   1064.0
0.3627898583670221   4859.0   1162.0
0.41318840956231095   5521.0   1201.0
0.4635869607575998   6140.0   1328.0
0.5139855119528887   6722.0   1348.0
0.5643840631481776   7242.0   1469.0
0.6147826143434665   7737.0   1614.0
0.6651811655387553   8256.0   1539.0
0.7155797167340442   8837.0   1654.0
0.765978267929333   9294.0   1710.0
0.8163768191246219   9757.0   1636.0
0.8667753703199108   10180.0   1701.0
0.9171739215151996   10550.0   1751.0
0.9675724727104885   10950.0   1824.0
1.0179710839274099   11370.0   1801.0
1.0683696381237804   11730.0   1892.0
1.11876819e+00 1.21200000e+04 1.87500000e+03
1.17756640e+00 1.25100000e+04 1.80200000e+03
1.23636462e+00 1.29300000e+04 1.85200000e+03
1.29516283e+00 1.33900000e+04 1.93400000e+03
1.35396104e+00 1.37700000e+04 1.83600000e+03
1.41275925e+00 1.41600000e+04 1.98700000e+03
1.47155746e+00 1.44700000e+04 2.01700000e+03
