0.0590909	1029
0.177273	3060
0.295455	2437
0.413636	1162
0.531818	2547
0.65	600
0.768182	691
0.886364	1958
1.00455	462
1.12273	361
1.24091	503
1.35909	407
1.47727	383
1.59545	172
1.71364	183
1.83182	313
1.95	160
2.06818	253
2.18636	125
2.30455	174
2.42273	114
2.54091	202
2.65909	101
2.77727	134
2.89545	119
3.01364	105
3.13182	98
3.25	90
3.36818	69
3.48636	112
3.60455	146
3.72273	91
3.84091	67
3.95909	63
4.07727	44
4.19545	56
4.31364	1478
4.43182	22387
4.55	2970
4.66818	6
4.78636	5
4.90455	9
5.02273	2
5.14091	6
5.25909	2
5.37727	6
5.49545	5
5.61364	2
5.73182	0
5.85	2
5.96818	3
6.08636	1
6.20455	0
6.32273	0
6.44091	1
6.55909	0
6.67727	1
6.79545	1
6.91364	3
7.03182	0
7.15	0
7.26818	1
7.38636	0
7.50455	2
7.62273	0
7.74091	0
7.85909	0
7.97727	0
8.09545	0
8.21364	0
8.33182	0
8.45	0
8.56818	1
8.68636	0
8.80455	0
8.92273	0
9.04091	0
9.15909	0
9.27727	0
9.39545	0
9.51364	0
9.63182	0
9.75	0
9.86818	0
9.98636	0
10.1045	0
10.2227	0
10.3409	0
10.4591	0
10.5773	0
10.6955	0
10.8136	1
10.9318	0
11.05	0
11.1682	0
11.2864	0
11.4045	0
11.5227	1
11.6409	0
11.7591	0
11.8773	0
11.9955	0
12.1136	0
12.2318	0
12.35	0
12.4682	0
12.5864	0
12.7045	0
12.8227	0
12.9409	0
