0.0433333	534
0.13	583
0.216667	550
0.303333	614
0.39	565
0.476667	500
0.563333	397
0.65	352
0.736667	366
0.823333	328
0.91	298
0.996667	289
1.08333	278
1.17	267
1.25667	254
1.34333	262
1.43	255
1.51667	207
1.60333	179
1.69	168
1.77667	178
1.86333	155
1.95	159
2.03667	142
2.12333	117
2.21	126
2.29667	123
2.38333	105
2.47	90
2.55667	89
2.64333	73
2.73	71
2.81667	60
2.90333	56
2.99	64
3.07667	56
3.16333	57
3.25	63
3.33667	60
3.42333	49
3.51	42
3.59667	36
3.68333	34
3.77	31
3.85667	26
3.94333	30
4.03	22
4.11667	29
4.20333	18
4.29	24
4.37667	23
4.46333	14
4.55	17
4.63667	16
4.72333	12
4.81	19
4.89667	13
4.98333	10
5.07	14
5.15667	9
5.24333	4
5.33	9
5.41667	11
5.50333	14
5.59	16
5.67667	4
5.76333	4
5.85	5
5.93667	1
6.02333	2
6.11	7
6.19667	4
6.28333	4
6.37	6
6.45667	7
6.54333	6
6.63	3
6.71667	2
6.80333	5
6.89	2
6.97667	5
7.06333	4
7.15	4
7.23667	3
7.32333	2
7.41	2
7.49667	1
7.58333	3
7.67	1
7.75667	4
7.84333	1
7.93	1
8.01667	1
8.10333	1
8.19	1
8.27667	1
8.36333	0
8.45	0
8.53667	2
8.62333	1
8.71	0
8.79667	0
8.88333	0
8.97	1
9.05667	0
9.14333	1
9.23	0
9.31667	0
9.40333	2
9.49	1
9.57667	0
9.66333	0
9.75	0
9.83667	0
9.92333	0
10.01	0
10.0967	0
10.1833	0
10.27	0
10.3567	0
10.4433	0
10.53	0
10.6167	0
10.7033	0
10.79	0
10.8767	0
10.9633	0
11.05	0
11.1367	0
11.2233	0
11.31	0
11.3967	0
11.4833	0
11.57	0
11.6567	0
11.7433	0
11.83	0
11.9167	0
12.0033	0
12.09	0
12.1767	0
12.2633	0
12.35	0
12.4367	0
12.5233	0
12.61	0
12.6967	0
12.7833	0
12.87	0
12.9567	0
