ANALYSIS RESULT - RANGE RESULT IN MICRON 

----------------------------------------------------------
TARGET MATERIAL: Si02(10 um) + Silicon
----------------------------------------------------------

Ion angle(deg) 	Mean X 	Mean Y 	Mean Z 	X std dev 	Y std dev 	Z std dev 	 Mean LET (eV/A) 	 Std Dev LET (eV/A) 	Mean LET (MeV*cm^2/mg) 	 Std Dev LET (MeV*cm^2/mg) 	 Energy transfers Si (MeV) 	 SiO2 (MeV) 	 Total (MeV) 
----------------------------------------------------------

ION TYPE: Boron

0 	 184.1304 	 -0.0037 	 -0.0115 	 0.9571 	 2.4663 	 2.4449 	 27.6696 	 0.2736 	 1.1875 	 0.0117	 77.2 	 1.8 	 79.0
30 	 159.3550 	 92.0296 	 -0.0431 	 1.4618 	 2.1083 	 2.4259 	 27.9129 	 0.3078 	 1.1980 	 0.0132	 76.8 	 2.1 	 78.9
45 	 129.9924 	 129.9804 	 -0.0221 	 1.7850 	 1.7989 	 2.3792 	 29.5202 	 0.9033 	 1.2670 	 0.0388	 75.8 	 1.7 	 77.5
60 	 91.6786 	 158.8174 	 -0.0114 	 2.3530 	 1.5510 	 2.3960 	 *** 	 *** 	 74.2 	 2.4 	 76.6
70 	 62.4397 	 171.6773 	 0.0069 	 2.2710 	 1.2734 	 2.4528 	 *** 	 *** 	 70.5 	 3.5 	 74.1
80 	 31.3758 	 177.9000 	 0.0201 	 2.2338 	 1.0840 	 2.2789 	 *** 	 *** 	 62.0 	 7.2 	 69.2
----------------------------------------------------------

ION TYPE: Oxygen

0 	 105.9847 	 -0.0231 	 -0.0025 	 0.8297 	 1.4252 	 1.4287 	 74.0848 	 1.0233 	 3.1796 	 0.0439	 100.7 	 5.1 	 105.8
30 	 91.6997 	 52.9475 	 0.0190 	 0.8436 	 1.2294 	 1.3668 	 75.1155 	 1.2527 	 3.2238 	 0.0538	 99.7 	 5.9 	 105.6
45 	 74.7300 	 74.7631 	 0.0008 	 1.0480 	 1.0074 	 1.3537 	 78.0210 	 2.1123 	 3.3485 	 0.0907	 97.5 	 6.7 	 104.2
60 	 52.6280 	 91.1811 	 0.0231 	 1.2316 	 0.8535 	 1.3961 	 *** 	 *** 	 91.7 	 10.6 	 102.3
70 	 35.7916 	 98.3400 	 0.0004 	 1.3105 	 0.7439 	 1.3097 	 *** 	 *** 	 83.6 	 15.8 	 99.5
80 	 17.8409 	 101.3132 	 -0.0068 	 1.2266 	 0.5693 	 1.2314 	 *** 	 *** 	 52.0 	 35.7 	 87.6
----------------------------------------------------------

ION TYPE: Silicon

0 	 60.6727 	 0.0047 	 -0.0043 	 0.6415 	 0.8095 	 0.8715 	 224.3338 	 3.6654 	 9.6281 	 0.1573	 134.0 	 18.5 	 152.5
30 	 52.4682 	 30.2924 	 0.0027 	 0.5962 	 0.7322 	 0.8195 	 229.2064 	 4.5286 	 9.8372 	 0.1944	 130.4 	 21.5 	 151.9
45 	 42.7155 	 42.7243 	 0.0065 	 0.8327 	 0.6559 	 0.8227 	 238.2169 	 6.1590 	 10.2239 	 0.2643	 124.1 	 26.6 	 150.7
60 	 30.0266 	 52.0232 	 0.0055 	 0.7128 	 0.5408 	 0.8070 	 *** 	 *** 	 109.6 	 38.4 	 148.1
70 	 20.3625 	 55.9397 	 0.0012 	 0.7602 	 0.4873 	 0.7741 	 *** 	 *** 	 82.0 	 58.7 	 140.7
80 	 9.9635 	 56.5484 	 0.0111 	 0.6793 	 0.3900 	 0.6903 	 *** 	 *** 	 0.9 	 135.1 	 136.0
----------------------------------------------------------

ION TYPE: Nickel

0 	 36.4174 	 0.0009 	 0.0020 	 0.6798 	 0.9515 	 0.9458 	 681.3288 	 10.8543 	 29.2416 	 0.4658	 144.2 	 66.8 	 211.1
30 	 31.4622 	 18.1577 	 0.0185 	 0.7591 	 0.8996 	 0.9479 	 628.7956 	 22.3029 	 26.9869 	 0.9572	 132.5 	 77.5 	 210.0
45 	 25.5595 	 25.5792 	 0.0077 	 0.8110 	 0.8150 	 0.9473 	 363.1860 	 112.3959 	 15.5874 	 4.8239	 112.7 	 95.5 	 208.2
60 	 17.8613 	 30.9324 	 -0.0130 	 0.8783 	 0.7065 	 0.9381 	 *** 	 *** 	 66.9 	 133.2 	 200.1
70 	 11.8127 	 32.5179 	 -0.0048 	 0.8161 	 0.6329 	 0.8498 	 *** 	 *** 	 7.8 	 191.1 	 198.8
80 	 6.0023 	 34.1357 	 0.0237 	 0.8178 	 0.6442 	 0.8363 	 *** 	 *** 	 0.0 	 201.6 	 201.6
----------------------------------------------------------

ION TYPE: Silver

0 	 28.3020 	 -0.0165 	 -0.0081 	 0.6396 	 0.8407 	 0.8402 	 611.2324 	 63.9712 	 26.2332 	 2.7455	 122.3 	 127.9 	 250.3
30 	 24.3918 	 14.0705 	 0.0213 	 0.6858 	 0.7764 	 0.8412 	 299.9193 	 83.6004 	 12.8721 	 3.5880	 108.6 	 140.9 	 249.5
45 	 19.6797 	 19.6697 	 -0.0035 	 0.7207 	 0.7385 	 0.8251 	 3.9358 	 6.8091 	 0.1689 	 0.2922	 79.1 	 168.6 	 247.7
60 	 13.5053 	 23.3753 	 0.0044 	 0.7555 	 0.6522 	 0.7662 	 *** 	 *** 	 23.0 	 220.3 	 243.3
70 	 9.2054 	 25.3017 	 -0.0074 	 0.7166 	 0.5906 	 0.7401 	 *** 	 *** 	 0.1 	 247.8 	 247.9
80 	 4.6655 	 26.5151 	 0.0098 	 0.7336 	 0.5931 	 0.7343 	 *** 	 *** 	 0.0 	 236.2 	 236.2
