3.0 0.0 0.0
8.0 0.0 0.0
13.0 0.0 0.0
18.0 0.0 0.0
23.0 0.0 0.0
28.0 0.0 0.0
33.0 0.0 0.0
38.0 0.0 0.0
43.0 0.0 0.0
48.0 0.0 0.0
53.0 0.0 0.0
58.0 0.0 0.0
63.0 0.0 0.0
68.0 0.0 0.0
73.0 0.0 0.0
78.0 0.0 0.0
83.0 0.0 0.0
88.0 0.0 0.0
93.0 0.0 0.0
98.0 0.0 0.0
103.0 0.0 0.0
108.0 0.0 0.0
113.0 0.0 0.0
118.0 0.0 0.0
123.0 0.0 0.0
128.0 0.0 0.0
133.0 0.0 0.0
138.0 0.0 0.0
143.0 0.0 0.0
148.0 0.0 0.0
153.0 0.0 0.0
158.0 0.0 0.0
163.0 0.0 0.0
168.0 0.0 0.0
173.0 0.0 0.0
178.0 0.0 0.0
183.0 0.0 0.0
188.0 0.0 0.0
193.0 0.0 0.0
198.0 0.0 0.0
203.0 0.0 0.0
208.0 0.0 0.0
213.0 0.0 0.0
218.0 0.0 0.0
223.0 0.0 0.0
228.0 0.0 0.0
233.0 0.0 0.0
238.0 0.0 0.0
243.0 0.0 0.0
248.0 0.0 0.0
253.0 0.0 0.0
258.0 0.0 0.0
263.0 0.0 0.0
268.0 0.0 0.0
273.0 0.0 0.0
278.0 0.0 0.0
283.0 0.0 0.0
288.0 0.0 0.0
293.0 0.0 0.0
298.0 0.0 0.0
303.0 0.0 0.0
308.0 0.0 0.0
313.0 0.0 0.0
318.0 0.0 0.0
323.0 0.0 0.0
328.0 0.0 0.0
333.0 0.0 0.0
338.0 0.0 0.0
343.0 0.0 0.0
348.0 0.0 0.0
353.0 0.0 0.0
358.0 0.0 0.0
363.0 0.0 0.0
368.0 0.0 0.0
373.0 0.0 0.0
378.0 0.0 0.0
383.0 0.0 0.0
388.0 0.0 0.0
393.0 0.0 0.0
398.0 0.0 0.0
403.0 0.0 0.0
408.0 0.0 0.0
413.0 0.0 0.0
418.0 0.0 0.0
423.0 0.0 0.0
428.0 0.0 0.0
433.0 0.0 0.0
438.0 0.0 0.0
443.0 0.0 0.0
448.0 0.0 0.0
453.0 0.0 0.0
458.0 0.0 0.0
463.0 0.0 0.0
468.0 0.0 0.0
473.0 0.0 0.0
478.0 0.0 0.0
483.0 0.0 0.0
488.0 0.0 0.0
493.0 0.0 0.0
498.0 0.0 0.0
503.0 0.0 0.0
508.0 0.0 0.0
513.0 0.0 0.0
518.0 0.0 0.0
523.0 0.0 0.0
528.0 0.0 0.0
533.0 0.0 0.0
538.0 0.0 0.0
543.0 0.0 0.0
548.0 0.0 0.0
553.0 0.0 0.0
558.0 0.0 0.0
563.0 0.0 0.0
568.0 0.0 0.0
573.0 0.0 0.0
578.0 0.0 0.0
583.0 0.0 0.0
588.0 0.0 0.0
593.0 0.0 0.0
598.0 0.0 0.0
603.0 0.0 0.0
608.0 0.0 0.0
613.0 0.0 0.0
618.0 0.0 0.0
623.0 0.0 0.0
628.0 0.0 0.0
633.0 0.0 0.0
638.0 0.0 0.0
643.0 0.0 0.0
648.0 0.0 0.0
653.0 0.0 0.0
658.0 0.0 0.0
663.0 0.0 0.0
668.0 0.0 0.0
673.0 0.0 0.0
678.0 0.0 0.0
683.0 0.0 0.0
688.0 0.0 0.0
693.0 0.0 0.0
698.0 0.0 0.0
703.0 0.0 0.0
708.0 0.0 0.0
713.0 0.0 0.0
718.0 0.0 0.0
723.0 0.0 0.0
728.0 0.0 0.0
733.0 0.0 0.0
738.0 0.0 0.0
743.0 0.0 0.0
748.0 0.0 0.0
753.0 0.0 0.0
758.0 0.0 0.0
763.0 0.0 0.0
768.0 0.0 0.0
773.0 0.0 0.0
778.0 0.0 0.0
783.0 0.0 0.0
788.0 0.0 0.0
793.0 0.0 0.0
798.0 0.0 0.0
803.0 0.0 0.0
808.0 0.0 0.0
813.0 0.0 0.0
818.0 0.0 0.0
823.0 0.0 0.0
828.0 0.0 0.0
833.0 0.0 0.0
838.0 0.0 0.0
843.0 0.0 0.0
848.0 0.0 0.0
853.0 0.0 0.0
858.0 0.0 0.0
863.0 0.0 0.0
868.0 0.0 0.0
873.0 0.0 0.0
878.0 0.0 0.0
883.0 0.0 0.0
888.0 0.0 0.0
893.0 0.0 0.0
898.0 0.0 0.0
903.0 0.0 0.0
908.0 0.0 0.0
913.0 0.0 0.0
918.0 0.0 0.0
923.0 0.0 0.0
928.0 0.0 0.0
933.0 0.0 0.0
938.0 0.0 0.0
943.0 0.0 0.0
948.0 0.0 0.0
953.0 0.0 0.0
958.0 0.0 0.0
963.0 0.0 0.0
968.0 0.0 0.0
973.0 0.0 0.0
978.0 0.0 0.0
983.0 0.0 0.0
988.0 0.0 0.0
993.0 0.0 0.0
998.0 0.0 0.0
1003.0 0.0 0.0
1008.0 0.0 0.0
1013.0 0.0 0.0
1018.0 0.0 0.0
1023.0 0.0 0.0
1028.0 0.0 0.0
1033.0 0.0 0.0
1038.0 0.0 0.0
1043.0 0.0 0.0
1048.0 0.0 0.0
1053.0 0.0 0.0
1058.0 0.0 0.0
1063.0 0.0 0.0
1068.0 0.0 0.0
1073.0 0.0 0.0
1078.0 0.0 0.0
1083.0 0.0 0.0
1088.0 0.0 0.0
1093.0 0.0 0.0
1098.0 0.0 0.0
1103.0 0.0 0.0
1108.0 0.0 0.0
1113.0 0.0 0.0
1118.0 0.0 0.0
1123.0 0.0 0.0
1128.0 0.0 0.0
1133.0 0.0 0.0
1138.0 0.0 0.0
1143.0 0.0 0.0
1148.0 0.0 0.0
1153.0 0.0 0.0
1158.0 0.0 0.0
1163.0 0.0 0.0
1168.0 0.0 0.0
1173.0 0.0 0.0
1178.0 0.0 0.0
1183.0 0.0 0.0
1188.0 0.0 0.0
1193.0 0.0 0.0
1198.0 0.0 0.0
1203.0 0.0 0.0
1208.0 0.0 0.0
1213.0 0.0 0.0
1218.0 0.0 0.0
1223.0 0.0 0.0
1228.0 0.0 0.0
1233.0 0.0 0.0
1238.0 0.0 0.0
1243.0 0.0 0.0
1248.0 0.0 0.0
1253.0 0.0 0.0
1258.0 0.0 0.0
1263.0 0.0 0.0
1268.0 0.0 0.0
1273.0 0.0 0.0
1278.0 0.0 0.0
1283.0 0.0 0.0
1288.0 0.0 0.0
1293.0 0.0 0.0
1298.0 0.0 0.0
1303.0 0.0 0.0
1308.0 0.0 0.0
1313.0 0.0 0.0
1318.0 0.0 0.0
1323.0 0.0 0.0
1328.0 0.0 0.0
1333.0 0.0 0.0
1338.0 0.0 0.0
1343.0 0.0 0.0
1348.0 0.0 0.0
1353.0 0.0 0.0
1358.0 0.0 0.0
1363.0 0.0 0.0
1368.0 0.0 0.0
1373.0 0.0 0.0
1378.0 0.0 0.0
1383.0 0.0 0.0
1388.0 0.0 0.0
1393.0 0.0 0.0
1398.0 0.0 0.0
1403.0 0.0 0.0
1408.0 0.0 0.0
1413.0 0.0 0.0
1418.0 0.0 0.0
1423.0 0.0 0.0
1428.0 0.0 0.0
1433.0 0.0 0.0
1438.0 0.0 0.0
1443.0 0.0 0.0
1448.0 0.0 0.0
1453.0 0.0 0.0
1458.0 0.0 0.0
1463.0 0.0 0.0
1468.0 0.0 0.0
1473.0 0.0 0.0
1478.0 0.0 0.0
1483.0 0.0 0.0
1488.0 0.0 0.0
1493.0 0.0 0.0
1498.0 0.0 0.0
1503.0 0.0 0.0
1508.0 0.0 0.0
1513.0 0.0 0.0
1518.0 0.0 0.0
1523.0 0.0 0.0
1528.0 0.0 0.0
1533.0 0.0 0.0
1538.0 0.0 0.0
1543.0 0.0 0.0
1548.0 0.0 0.0
1553.0 0.0 0.0
1558.0 0.0 0.0
1563.0 0.0 0.0
1568.0 0.0 0.0
1573.0 0.0 0.0
1578.0 0.0 0.0
1583.0 0.0 0.0
1588.0 0.0 0.0
1593.0 0.0 0.0
1598.0 0.0 0.0
1603.0 0.0 0.0
1608.0 0.0 0.0
1613.0 0.0 0.0
1618.0 0.0 0.0
1623.0 0.0 0.0
1628.0 0.0 0.0
1633.0 0.0 0.0
1638.0 0.0 0.0
1643.0 0.0 0.0
1648.0 0.0 0.0
1653.0 0.0 0.0
1658.0 0.0 0.0
1663.0 0.0 0.0
1668.0 0.0 0.0
1673.0 0.0 0.0
1678.0 0.0 0.0
1683.0 0.0 0.0
1688.0 0.0 0.0
1693.0 0.0 0.0
1698.0 0.0 0.0
1703.0 0.0 0.0
1708.0 0.0 0.0
1713.0 0.0 0.0
1718.0 0.0 0.0
1723.0 0.0 0.0
1728.0 0.0 0.0
1733.0 0.0 0.0
1738.0 0.0 0.0
1743.0 0.0 0.0
1748.0 0.0 0.0
1753.0 0.0 0.0
1758.0 0.0 0.0
1763.0 0.0 0.0
1768.0 0.0 0.0
1773.0 0.0 0.0
1778.0 0.0 0.0
1783.0 0.0 0.0
1788.0 0.0 0.0
1793.0 0.0 0.0
1798.0 0.0 0.0
1803.0 0.0 0.0
1808.0 0.0 0.0
1813.0 0.0 0.0
1818.0 0.0 0.0
1823.0 0.0 0.0
1828.0 0.0 0.0
1833.0 0.0 0.0
1838.0 0.0 0.0
1843.0 0.0 0.0
1848.0 0.0 0.0
1853.0 0.0 0.0
1858.0 0.0 0.0
1863.0 0.0 0.0
1868.0 0.0 0.0
1873.0 0.0 0.0
1878.0 0.0 0.0
1883.0 0.0 0.0
1888.0 0.0 0.0
1893.0 0.0 0.0
1898.0 0.0 0.0
1903.0 0.0 0.0
1908.0 0.0 0.0
1913.0 0.0 0.0
1918.0 0.0 0.0
1923.0 0.0 0.0
1928.0 0.0 0.0
1933.0 0.0 0.0
1938.0 0.0 0.0
1943.0 0.0 0.0
1948.0 0.0 0.0
1953.0 0.0 0.0
1958.0 0.0 0.0
1963.0 0.0 0.0
1968.0 0.0 0.0
1973.0 0.0 0.0
1978.0 0.0 0.0
1983.0 0.0 0.0
1988.0 0.0 0.0
1993.0 0.0 0.0
1998.0 0.0 0.0
2003.0 0.0 0.0
2008.0 0.0 0.0
2013.0 0.0 0.0
2018.0 0.0 0.0
2023.0 0.0 0.0
2028.0 0.0 0.0
2033.0 1.0 1.0
2038.0 3.0 1.7320508075688772
2043.0 59.0 7.681145747868608
2048.0 183.0 13.527749258468683
2053.0 684.0 26.153393661244042
2058.0 524.0 22.891046284519195
2063.0 219.0 14.798648586948742
2068.0 54.0 7.3484692283495345
2073.0 10.0 3.1622776601683795
2078.0 2.0 1.4142135623730951
2083.0 2.0 1.4142135623730951
2088.0 0.0 0.0
2093.0 0.0 0.0
2098.0 0.0 0.0
2103.0 0.0 0.0
2108.0 0.0 0.0
2113.0 0.0 0.0
2118.0 0.0 0.0
2123.0 0.0 0.0
2128.0 0.0 0.0
2133.0 0.0 0.0
2138.0 0.0 0.0
2143.0 0.0 0.0
2148.0 0.0 0.0
2153.0 1.0 1.0
2158.0 0.0 0.0
2163.0 1.0 1.0
2168.0 0.0 0.0
2173.0 1.0 1.0
2178.0 2.0 1.4142135623730951
2183.0 3.0 1.7320508075688772
2188.0 2.0 1.4142135623730951
2193.0 3.0 1.7320508075688772
2198.0 3.0 1.7320508075688772
2203.0 8.0 2.8284271247461903
2208.0 4.0 2.0
2213.0 7.0 2.6457513110645907
2218.0 9.0 3.0
2223.0 14.0 3.7416573867739413
2228.0 12.0 3.4641016151377544
2233.0 11.0 3.3166247903554
2238.0 21.0 4.58257569495584
2243.0 19.0 4.358898943540674
2248.0 23.0 4.795831523312719
2253.0 24.0 4.898979485566356
2258.0 19.0 4.358898943540674
2263.0 19.0 4.358898943540674
2268.0 30.0 5.477225575051661
2273.0 38.0 6.164414002968976
2278.0 29.0 5.385164807134504
2283.0 44.0 6.6332495807108
2288.0 50.0 7.0710678118654755
2293.0 39.0 6.244997998398398
2298.0 40.0 6.324555320336759
2303.0 52.0 7.211102550927978
2308.0 57.0 7.54983443527075
2313.0 58.0 7.615773105863909
2318.0 53.0 7.280109889280518
2323.0 45.0 6.708203932499369
2328.0 54.0 7.3484692283495345
2333.0 52.0 7.211102550927978
2338.0 58.0 7.615773105863909
2343.0 58.0 7.615773105863909
2348.0 45.0 6.708203932499369
2353.0 55.0 7.416198487095663
2358.0 45.0 6.708203932499369
2363.0 47.0 6.855654600401044
2368.0 48.0 6.928203230275509
2373.0 48.0 6.928203230275509
2378.0 58.0 7.615773105863909
2383.0 50.0 7.0710678118654755
2388.0 60.0 7.745966692414834
2393.0 41.0 6.4031242374328485
2398.0 53.0 7.280109889280518
2403.0 55.0 7.416198487095663
2408.0 70.0 8.366600265340756
2413.0 48.0 6.928203230275509
2418.0 46.0 6.782329983125268
2423.0 60.0 7.745966692414834
2428.0 60.0 7.745966692414834
2433.0 31.0 5.5677643628300215
2438.0 50.0 7.0710678118654755
2443.0 58.0 7.615773105863909
2448.0 53.0 7.280109889280518
2453.0 63.0 7.937253933193772
2458.0 48.0 6.928203230275509
2463.0 54.0 7.3484692283495345
2468.0 56.0 7.483314773547883
2473.0 51.0 7.14142842854285
2478.0 48.0 6.928203230275509
2483.0 61.0 7.810249675906654
2488.0 53.0 7.280109889280518
2493.0 55.0 7.416198487095663
2498.0 49.0 7.0
2503.0 47.0 6.855654600401044
2508.0 68.0 8.246211251235321
2513.0 57.0 7.54983443527075
2518.0 55.0 7.416198487095663
2523.0 66.0 8.12403840463596
2528.0 57.0 7.54983443527075
2533.0 53.0 7.280109889280518
2538.0 58.0 7.615773105863909
2543.0 59.0 7.681145747868608
2548.0 57.0 7.54983443527075
2553.0 51.0 7.14142842854285
2558.0 67.0 8.18535277187245
2563.0 42.0 6.48074069840786
2568.0 51.0 7.14142842854285
2573.0 73.0 8.54400374531753
2578.0 62.0 7.874007874011811
2583.0 72.0 8.48528137423857
2588.0 64.0 8.0
2593.0 55.0 7.416198487095663
2598.0 62.0 7.874007874011811
2603.0 60.0 7.745966692414834
2608.0 62.0 7.874007874011811
2613.0 56.0 7.483314773547883
2618.0 69.0 8.306623862918075
2623.0 68.0 8.246211251235321
2628.0 84.0 9.16515138991168
2633.0 58.0 7.615773105863909
2638.0 81.0 9.0
2643.0 100.0 10.0
2648.0 70.0 8.366600265340756
2653.0 74.0 8.602325267042627
2658.0 79.0 8.888194417315589
2663.0 85.0 9.219544457292887
2668.0 109.0 10.44030650891055
2673.0 100.0 10.0
2678.0 94.0 9.695359714832659
2683.0 89.0 9.433981132056603
2688.0 89.0 9.433981132056603
2693.0 100.0 10.0
2698.0 108.0 10.392304845413264
2703.0 113.0 10.63014581273465
2708.0 113.0 10.63014581273465
2713.0 127.0 11.269427669584644
2718.0 119.0 10.908712114635714
2723.0 129.0 11.357816691600547
2728.0 131.0 11.445523142259598
2733.0 143.0 11.958260743101398
2738.0 154.0 12.409673645990857
2743.0 149.0 12.206555615733702
2748.0 156.0 12.489995996796797
2753.0 132.0 11.489125293076057
2758.0 155.0 12.449899597988733
2763.0 170.0 13.038404810405298
2768.0 152.0 12.328828005937952
2773.0 181.0 13.45362404707371
2778.0 187.0 13.674794331177344
2783.0 177.0 13.30413469565007
2788.0 167.0 12.922847983320086
2793.0 204.0 14.2828568570857
2798.0 196.0 14.0
2803.0 208.0 14.422205101855956
2808.0 183.0 13.527749258468683
2813.0 205.0 14.317821063276353
2818.0 181.0 13.45362404707371
2823.0 195.0 13.96424004376894
2828.0 217.0 14.730919862656235
2833.0 238.0 15.427248620541512
2838.0 218.0 14.7648230602334
2843.0 215.0 14.66287829861518
2848.0 205.0 14.317821063276353
2853.0 246.0 15.684387141358123
2858.0 239.0 15.459624833740307
2863.0 232.0 15.231546211727817
2868.0 219.0 14.798648586948742
2873.0 240.0 15.491933384829668
2878.0 208.0 14.422205101855956
2883.0 249.0 15.7797338380595
2888.0 225.0 15.0
2893.0 248.0 15.748015748023622
2898.0 248.0 15.748015748023622
2903.0 272.0 16.492422502470642
2908.0 275.0 16.583123951777
2913.0 249.0 15.7797338380595
2918.0 227.0 15.066519173319364
2923.0 250.0 15.811388300841896
2928.0 258.0 16.06237840420901
2933.0 270.0 16.431676725154983
2938.0 252.0 15.874507866387544
2943.0 219.0 14.798648586948742
2948.0 275.0 16.583123951777
2953.0 214.0 14.628738838327793
2958.0 261.0 16.15549442140351
2963.0 241.0 15.524174696260024
2968.0 283.0 16.822603841260722
2973.0 260.0 16.1245154965971
2978.0 260.0 16.1245154965971
2983.0 259.0 16.09347693943108
2988.0 285.0 16.881943016134134
2993.0 278.0 16.673332000533065
2998.0 264.0 16.24807680927192
3003.0 272.0 16.492422502470642
3008.0 265.0 16.278820596099706
3013.0 256.0 16.0
3018.0 287.0 16.941074346097416
3023.0 246.0 15.684387141358123
3028.0 275.0 16.583123951777
3033.0 266.0 16.30950643030009
3038.0 303.0 17.406895185529212
3043.0 265.0 16.278820596099706
3048.0 286.0 16.911534525287763
3053.0 281.0 16.76305461424021
3058.0 268.0 16.3707055437449
3063.0 265.0 16.278820596099706
3068.0 222.0 14.89966442575134
3073.0 241.0 15.524174696260024
3078.0 285.0 16.881943016134134
3083.0 300.0 17.320508075688775
3088.0 281.0 16.76305461424021
3093.0 300.0 17.320508075688775
3098.0 338.0 18.384776310850235
3103.0 261.0 16.15549442140351
3108.0 258.0 16.06237840420901
3113.0 274.0 16.55294535724685
3118.0 267.0 16.34013463836819
3123.0 274.0 16.55294535724685
3128.0 254.0 15.937377450509228
3133.0 268.0 16.3707055437449
3138.0 276.0 16.61324772583615
3143.0 270.0 16.431676725154983
3148.0 273.0 16.522711641858304
3153.0 278.0 16.673332000533065
3158.0 307.0 17.52141546793523
3163.0 268.0 16.3707055437449
3168.0 264.0 16.24807680927192
3173.0 291.0 17.05872210923198
3178.0 336.0 18.33030277982336
3183.0 270.0 16.431676725154983
3188.0 295.0 17.175564037317667
3193.0 277.0 16.64331697709324
3198.0 276.0 16.61324772583615
3203.0 265.0 16.278820596099706
3208.0 280.0 16.73320053068151
3213.0 276.0 16.61324772583615
3218.0 280.0 16.73320053068151
3223.0 279.0 16.703293088490067
3228.0 263.0 16.217274740226856
3233.0 262.0 16.186414056238647
3238.0 284.0 16.852299546352718
3243.0 248.0 15.748015748023622
3248.0 275.0 16.583123951777
3253.0 312.0 17.663521732655695
3258.0 263.0 16.217274740226856
3263.0 259.0 16.09347693943108
3268.0 276.0 16.61324772583615
3273.0 269.0 16.401219466856727
3278.0 276.0 16.61324772583615
3283.0 282.0 16.792855623746664
3288.0 276.0 16.61324772583615
3293.0 278.0 16.673332000533065
3298.0 263.0 16.217274740226856
3303.0 262.0 16.186414056238647
3308.0 259.0 16.09347693943108
3313.0 260.0 16.1245154965971
3318.0 246.0 15.684387141358123
3323.0 284.0 16.852299546352718
3328.0 234.0 15.297058540778355
3333.0 252.0 15.874507866387544
3338.0 273.0 16.522711641858304
3343.0 293.0 17.11724276862369
3348.0 304.0 17.435595774162696
3353.0 288.0 16.97056274847714
3358.0 291.0 17.05872210923198
3363.0 250.0 15.811388300841896
3368.0 280.0 16.73320053068151
3373.0 286.0 16.911534525287763
3378.0 264.0 16.24807680927192
3383.0 295.0 17.175564037317667
3388.0 267.0 16.34013463836819
3393.0 286.0 16.911534525287763
3398.0 283.0 16.822603841260722
3403.0 281.0 16.76305461424021
3408.0 298.0 17.26267650163207
3413.0 306.0 17.4928556845359
3418.0 288.0 16.97056274847714
3423.0 284.0 16.852299546352718
3428.0 283.0 16.822603841260722
3433.0 328.0 18.110770276274835
3438.0 306.0 17.4928556845359
3443.0 305.0 17.46424919657298
3448.0 280.0 16.73320053068151
3453.0 313.0 17.69180601295413
3458.0 255.0 15.968719422671311
3463.0 271.0 16.46207763315433
3468.0 322.0 17.944358444926362
3473.0 330.0 18.16590212458495
3478.0 309.0 17.578395831246947
3483.0 318.0 17.832554500127006
3488.0 343.0 18.520259177452136
3493.0 337.0 18.35755975068582
3498.0 302.0 17.378147196982766
3503.0 344.0 18.547236990991408
3508.0 355.0 18.841443681416774
3513.0 380.0 19.493588689617926
3518.0 311.0 17.635192088548397
3523.0 388.0 19.697715603592208
3528.0 329.0 18.138357147217054
3533.0 374.0 19.339079605813716
3538.0 392.0 19.79898987322333
3543.0 365.0 19.1049731745428
3548.0 340.0 18.439088914585774
3553.0 354.0 18.81488772222678
3558.0 378.0 19.44222209522358
3563.0 391.0 19.77371993328519
3568.0 383.0 19.570385790780925
3573.0 409.0 20.223748416156685
3578.0 443.0 21.047565179849187
3583.0 356.0 18.867962264113206
3588.0 447.0 21.142374511865974
3593.0 431.0 20.760539492026695
3598.0 405.0 20.12461179749811
3603.0 481.0 21.93171219946131
3608.0 450.0 21.213203435596427
3613.0 441.0 21.0
3618.0 458.0 21.400934559032695
3623.0 436.0 20.8806130178211
3628.0 430.0 20.73644135332772
3633.0 445.0 21.095023109728988
3638.0 485.0 22.02271554554524
3643.0 471.0 21.702534414210707
3648.0 471.0 21.702534414210707
3653.0 540.0 23.2379000772445
3658.0 459.0 21.42428528562855
3663.0 471.0 21.702534414210707
3668.0 498.0 22.315913604421397
3673.0 503.0 22.427661492005804
3678.0 478.0 21.863211109075447
3683.0 516.0 22.715633383201094
3688.0 515.0 22.693611435820433
3693.0 487.0 22.06807649071391
3698.0 541.0 23.259406699226016
3703.0 524.0 22.891046284519195
3708.0 537.0 23.173260452512935
3713.0 482.0 21.95449840010015
3718.0 557.0 23.600847442411894
3723.0 496.0 22.271057451320086
3728.0 542.0 23.280893453645632
3733.0 500.0 22.360679774997898
3738.0 550.0 23.45207879911715
3743.0 548.0 23.40939982143925
3748.0 552.0 23.49468024894146
3753.0 532.0 23.065125189341593
3758.0 548.0 23.40939982143925
3763.0 536.0 23.15167380558045
3768.0 526.0 22.93468988235943
3773.0 535.0 23.130067012440755
3778.0 546.0 23.366642891095847
3783.0 595.0 24.392621835300936
3788.0 560.0 23.664319132398465
3793.0 538.0 23.194827009486403
3798.0 555.0 23.558437978779494
3803.0 527.0 22.956480566497994
3808.0 539.0 23.2163735324878
3813.0 582.0 24.124676163629637
3818.0 557.0 23.600847442411894
3823.0 539.0 23.2163735324878
3828.0 556.0 23.57965224510319
3833.0 532.0 23.065125189341593
3838.0 451.0 21.236760581595302
3843.0 514.0 22.67156809750927
3848.0 564.0 23.748684174075834
3853.0 556.0 23.57965224510319
3858.0 529.0 23.0
3863.0 543.0 23.302360395462088
3868.0 511.0 22.60530911091463
3873.0 561.0 23.68543856465402
3878.0 511.0 22.60530911091463
3883.0 526.0 22.93468988235943
3888.0 560.0 23.664319132398465
3893.0 571.0 23.895606290697042
3898.0 561.0 23.68543856465402
3903.0 543.0 23.302360395462088
3908.0 536.0 23.15167380558045
3913.0 536.0 23.15167380558045
3918.0 511.0 22.60530911091463
3923.0 551.0 23.473389188611005
3928.0 497.0 22.293496809607955
3933.0 502.0 22.40535650240808
3938.0 533.0 23.08679276123039
3943.0 487.0 22.06807649071391
3948.0 516.0 22.715633383201094
3953.0 528.0 22.978250586152114
3958.0 467.0 21.61018278497431
3963.0 506.0 22.494443758403985
3968.0 417.0 20.42057785666214
3973.0 513.0 22.64950330581225
3978.0 520.0 22.80350850198276
3983.0 511.0 22.60530911091463
3988.0 492.0 22.181073012818835
3993.0 502.0 22.40535650240808
3998.0 509.0 22.561028345356956
4003.0 477.0 21.840329667841555
4008.0 518.0 22.759613353482084
4013.0 469.0 21.656407827707714
4018.0 529.0 23.0
4023.0 503.0 22.427661492005804
4028.0 453.0 21.283796653792763
4033.0 444.0 21.071307505705477
4038.0 472.0 21.72556098240043
4043.0 465.0 21.563858652847824
4048.0 462.0 21.494185260204677
4053.0 472.0 21.72556098240043
4058.0 474.0 21.77154105707724
4063.0 461.0 21.470910553583888
4068.0 487.0 22.06807649071391
4073.0 409.0 20.223748416156685
4078.0 478.0 21.863211109075447
4083.0 404.0 20.09975124224178
4088.0 431.0 20.760539492026695
4093.0 435.0 20.85665361461421
4098.0 401.0 20.024984394500787
4103.0 420.0 20.493901531919196
4108.0 430.0 20.73644135332772
4113.0 399.0 19.974984355438178
4118.0 443.0 21.047565179849187
4123.0 445.0 21.095023109728988
4128.0 442.0 21.02379604162864
4133.0 455.0 21.330729007701542
4138.0 425.0 20.615528128088304
4143.0 445.0 21.095023109728988
4148.0 437.0 20.904544960366874
4153.0 423.0 20.566963801203133
4158.0 375.0 19.364916731037084
4163.0 384.0 19.595917942265423
4168.0 373.0 19.313207915827967
4173.0 368.0 19.183326093250876
4178.0 363.0 19.05255888325765
4183.0 416.0 20.396078054371138
4188.0 415.0 20.37154878746336
4193.0 385.0 19.621416870348583
4198.0 411.0 20.273134932713294
4203.0 390.0 19.748417658131498
4208.0 379.0 19.467922333931785
4213.0 382.0 19.544820285692065
4218.0 351.0 18.734993995195193
4223.0 305.0 17.46424919657298
4228.0 338.0 18.384776310850235
4233.0 367.0 19.157244060668017
4238.0 390.0 19.748417658131498
4243.0 335.0 18.303005217723125
4248.0 377.0 19.4164878389476
4253.0 323.0 17.97220075561143
4258.0 358.0 18.920887928424502
4263.0 362.0 19.026297590440446
4268.0 336.0 18.33030277982336
4273.0 366.0 19.131126469708992
4278.0 353.0 18.788294228055936
4283.0 352.0 18.76166303929372
4288.0 332.0 18.2208671582886
4293.0 338.0 18.384776310850235
4298.0 355.0 18.841443681416774
4303.0 345.0 18.57417562100671
4308.0 319.0 17.86057109949175
4313.0 336.0 18.33030277982336
4318.0 333.0 18.24828759089466
4323.0 322.0 17.944358444926362
4328.0 338.0 18.384776310850235
4333.0 340.0 18.439088914585774
4338.0 327.0 18.083141320025124
4343.0 305.0 17.46424919657298
4348.0 293.0 17.11724276862369
4353.0 280.0 16.73320053068151
4358.0 317.0 17.804493814764857
4363.0 297.0 17.233687939614086
4368.0 322.0 17.944358444926362
4373.0 289.0 17.0
4378.0 301.0 17.349351572897472
4383.0 292.0 17.08800749063506
4388.0 309.0 17.578395831246947
4393.0 290.0 17.029386365926403
4398.0 296.0 17.204650534085253
4403.0 262.0 16.186414056238647
4408.0 308.0 17.549928774784245
4413.0 270.0 16.431676725154983
4418.0 294.0 17.146428199482248
4423.0 277.0 16.64331697709324
4428.0 289.0 17.0
4433.0 267.0 16.34013463836819
4438.0 253.0 15.905973720586866
4443.0 270.0 16.431676725154983
4448.0 275.0 16.583123951777
4453.0 262.0 16.186414056238647
4458.0 269.0 16.401219466856727
4463.0 276.0 16.61324772583615
4468.0 260.0 16.1245154965971
4473.0 247.0 15.716233645501712
4478.0 241.0 15.524174696260024
4483.0 237.0 15.394804318340652
4488.0 229.0 15.132745950421556
4493.0 246.0 15.684387141358123
4498.0 232.0 15.231546211727817
4503.0 267.0 16.34013463836819
4508.0 203.0 14.247806848775006
4513.0 243.0 15.588457268119896
4518.0 213.0 14.594519519326424
4523.0 232.0 15.231546211727817
4528.0 219.0 14.798648586948742
4533.0 202.0 14.212670403551895
4538.0 234.0 15.297058540778355
4543.0 229.0 15.132745950421556
4548.0 218.0 14.7648230602334
4553.0 212.0 14.560219778561036
4558.0 192.0 13.856406460551018
4563.0 204.0 14.2828568570857
4568.0 227.0 15.066519173319364
4573.0 214.0 14.628738838327793
4578.0 218.0 14.7648230602334
4583.0 202.0 14.212670403551895
4588.0 172.0 13.114877048604
4593.0 188.0 13.711309200802088
4598.0 212.0 14.560219778561036
4603.0 188.0 13.711309200802088
4608.0 149.0 12.206555615733702
4613.0 191.0 13.820274961085254
4618.0 193.0 13.892443989449804
4623.0 176.0 13.2664991614216
4628.0 195.0 13.96424004376894
4633.0 188.0 13.711309200802088
4638.0 177.0 13.30413469565007
4643.0 179.0 13.379088160259652
4648.0 179.0 13.379088160259652
4653.0 175.0 13.228756555322953
4658.0 175.0 13.228756555322953
4663.0 168.0 12.96148139681572
4668.0 165.0 12.84523257866513
4673.0 161.0 12.68857754044952
4678.0 182.0 13.490737563232042
4683.0 182.0 13.490737563232042
4688.0 153.0 12.36931687685298
4693.0 176.0 13.2664991614216
4698.0 140.0 11.832159566199232
4703.0 156.0 12.489995996796797
4708.0 157.0 12.529964086141668
4713.0 150.0 12.24744871391589
4718.0 136.0 11.661903789690601
4723.0 158.0 12.569805089976535
4728.0 142.0 11.916375287812984
4733.0 136.0 11.661903789690601
4738.0 123.0 11.090536506409418
4743.0 163.0 12.767145334803704
4748.0 129.0 11.357816691600547
4753.0 140.0 11.832159566199232
4758.0 135.0 11.61895003862225
4763.0 126.0 11.224972160321824
4768.0 154.0 12.409673645990857
4773.0 137.0 11.704699910719626
4778.0 120.0 10.954451150103322
4783.0 126.0 11.224972160321824
4788.0 141.0 11.874342087037917
4793.0 133.0 11.532562594670797
4798.0 132.0 11.489125293076057
4803.0 107.0 10.344080432788601
4808.0 114.0 10.677078252031311
4813.0 132.0 11.489125293076057
4818.0 116.0 10.770329614269007
4823.0 121.0 11.0
4828.0 132.0 11.489125293076057
4833.0 119.0 10.908712114635714
4838.0 129.0 11.357816691600547
4843.0 122.0 11.045361017187261
4848.0 115.0 10.723805294763608
4853.0 129.0 11.357816691600547
4858.0 117.0 10.816653826391969
4863.0 111.0 10.535653752852738
4868.0 102.0 10.099504938362077
4873.0 121.0 11.0
4878.0 108.0 10.392304845413264
4883.0 87.0 9.327379053088816
4888.0 96.0 9.797958971132712
4893.0 98.0 9.899494936611665
4898.0 85.0 9.219544457292887
4903.0 74.0 8.602325267042627
4908.0 86.0 9.273618495495704
4913.0 89.0 9.433981132056603
4918.0 81.0 9.0
4923.0 89.0 9.433981132056603
4928.0 69.0 8.306623862918075
4933.0 76.0 8.717797887081348
4938.0 92.0 9.591663046625438
4943.0 89.0 9.433981132056603
4948.0 72.0 8.48528137423857
4953.0 76.0 8.717797887081348
4958.0 67.0 8.18535277187245
4963.0 68.0 8.246211251235321
4968.0 63.0 7.937253933193772
4973.0 72.0 8.48528137423857
4978.0 77.0 8.774964387392123
4983.0 74.0 8.602325267042627
4988.0 70.0 8.366600265340756
4993.0 61.0 7.810249675906654
4998.0 71.0 8.426149773176359
5003.0 63.0 7.937253933193772
5008.0 57.0 7.54983443527075
5013.0 75.0 8.660254037844387
5018.0 66.0 8.12403840463596
5023.0 57.0 7.54983443527075
5028.0 60.0 7.745966692414834
5033.0 59.0 7.681145747868608
5038.0 55.0 7.416198487095663
5043.0 58.0 7.615773105863909
5048.0 49.0 7.0
5053.0 48.0 6.928203230275509
5058.0 50.0 7.0710678118654755
5063.0 61.0 7.810249675906654
5068.0 52.0 7.211102550927978
5073.0 54.0 7.3484692283495345
5078.0 59.0 7.681145747868608
5083.0 46.0 6.782329983125268
5088.0 46.0 6.782329983125268
5093.0 46.0 6.782329983125268
5098.0 41.0 6.4031242374328485
5103.0 43.0 6.557438524302
5108.0 62.0 7.874007874011811
5113.0 48.0 6.928203230275509
5118.0 28.0 5.291502622129181
5123.0 46.0 6.782329983125268
5128.0 47.0 6.855654600401044
5133.0 50.0 7.0710678118654755
5138.0 46.0 6.782329983125268
5143.0 35.0 5.916079783099616
5148.0 37.0 6.082762530298219
5153.0 44.0 6.6332495807108
5158.0 31.0 5.5677643628300215
5163.0 46.0 6.782329983125268
5168.0 28.0 5.291502622129181
5173.0 25.0 5.0
5178.0 34.0 5.830951894845301
5183.0 43.0 6.557438524302
5188.0 36.0 6.0
5193.0 38.0 6.164414002968976
5198.0 31.0 5.5677643628300215
5203.0 25.0 5.0
5208.0 28.0 5.291502622129181
5213.0 29.0 5.385164807134504
5218.0 32.0 5.656854249492381
5223.0 31.0 5.5677643628300215
5228.0 34.0 5.830951894845301
5233.0 26.0 5.0990195135927845
5238.0 24.0 4.898979485566356
5243.0 26.0 5.0990195135927845
5248.0 25.0 5.0
5253.0 18.0 4.242640687119285
5258.0 24.0 4.898979485566356
5263.0 22.0 4.69041575982343
5268.0 28.0 5.291502622129181
5273.0 17.0 4.123105625617661
5278.0 16.0 4.0
5283.0 27.0 5.196152422706632
5288.0 28.0 5.291502622129181
5293.0 25.0 5.0
5298.0 20.0 4.47213595499958
5303.0 21.0 4.58257569495584
5308.0 18.0 4.242640687119285
5313.0 7.0 2.6457513110645907
5318.0 22.0 4.69041575982343
5323.0 22.0 4.69041575982343
5328.0 16.0 4.0
5333.0 13.0 3.605551275463989
5338.0 19.0 4.358898943540674
5343.0 13.0 3.605551275463989
5348.0 19.0 4.358898943540674
5353.0 23.0 4.795831523312719
5358.0 12.0 3.4641016151377544
5363.0 16.0 4.0
5368.0 17.0 4.123105625617661
5373.0 8.0 2.8284271247461903
5378.0 11.0 3.3166247903554
5383.0 7.0 2.6457513110645907
5388.0 20.0 4.47213595499958
5393.0 16.0 4.0
5398.0 20.0 4.47213595499958
5403.0 14.0 3.7416573867739413
5408.0 8.0 2.8284271247461903
5413.0 14.0 3.7416573867739413
5418.0 10.0 3.1622776601683795
5423.0 12.0 3.4641016151377544
5428.0 9.0 3.0
5433.0 10.0 3.1622776601683795
5438.0 12.0 3.4641016151377544
5443.0 11.0 3.3166247903554
5448.0 17.0 4.123105625617661
5453.0 7.0 2.6457513110645907
5458.0 14.0 3.7416573867739413
5463.0 11.0 3.3166247903554
5468.0 10.0 3.1622776601683795
5473.0 12.0 3.4641016151377544
5478.0 6.0 2.449489742783178
5483.0 6.0 2.449489742783178
5488.0 8.0 2.8284271247461903
5493.0 6.0 2.449489742783178
5498.0 5.0 2.23606797749979
5503.0 7.0 2.6457513110645907
5508.0 18.0 4.242640687119285
5513.0 13.0 3.605551275463989
5518.0 17.0 4.123105625617661
5523.0 7.0 2.6457513110645907
5528.0 11.0 3.3166247903554
5533.0 10.0 3.1622776601683795
5538.0 9.0 3.0
5543.0 8.0 2.8284271247461903
5548.0 10.0 3.1622776601683795
5553.0 14.0 3.7416573867739413
5558.0 7.0 2.6457513110645907
5563.0 10.0 3.1622776601683795
5568.0 5.0 2.23606797749979
5573.0 7.0 2.6457513110645907
5578.0 8.0 2.8284271247461903
5583.0 9.0 3.0
5588.0 3.0 1.7320508075688772
5593.0 11.0 3.3166247903554
5598.0 8.0 2.8284271247461903
5603.0 8.0 2.8284271247461903
5608.0 9.0 3.0
5613.0 5.0 2.23606797749979
5618.0 8.0 2.8284271247461903
5623.0 9.0 3.0
5628.0 7.0 2.6457513110645907
5633.0 3.0 1.7320508075688772
5638.0 7.0 2.6457513110645907
5643.0 4.0 2.0
5648.0 3.0 1.7320508075688772
5653.0 10.0 3.1622776601683795
5658.0 10.0 3.1622776601683795
5663.0 8.0 2.8284271247461903
5668.0 9.0 3.0
5673.0 4.0 2.0
5678.0 11.0 3.3166247903554
5683.0 8.0 2.8284271247461903
5688.0 8.0 2.8284271247461903
5693.0 7.0 2.6457513110645907
5698.0 2.0 1.4142135623730951
5703.0 12.0 3.4641016151377544
5708.0 5.0 2.23606797749979
5713.0 12.0 3.4641016151377544
5718.0 8.0 2.8284271247461903
5723.0 10.0 3.1622776601683795
5728.0 6.0 2.449489742783178
5733.0 4.0 2.0
5738.0 2.0 1.4142135623730951
5743.0 5.0 2.23606797749979
5748.0 10.0 3.1622776601683795
5753.0 4.0 2.0
5758.0 8.0 2.8284271247461903
5763.0 7.0 2.6457513110645907
5768.0 4.0 2.0
5773.0 9.0 3.0
5778.0 2.0 1.4142135623730951
5783.0 5.0 2.23606797749979
5788.0 5.0 2.23606797749979
5793.0 7.0 2.6457513110645907
5798.0 7.0 2.6457513110645907
5803.0 6.0 2.449489742783178
5808.0 4.0 2.0
5813.0 6.0 2.449489742783178
5818.0 2.0 1.4142135623730951
5823.0 6.0 2.449489742783178
5828.0 5.0 2.23606797749979
5833.0 6.0 2.449489742783178
5838.0 7.0 2.6457513110645907
5843.0 3.0 1.7320508075688772
5848.0 4.0 2.0
5853.0 4.0 2.0
5858.0 12.0 3.4641016151377544
5863.0 10.0 3.1622776601683795
5868.0 9.0 3.0
5873.0 2.0 1.4142135623730951
5878.0 3.0 1.7320508075688772
5883.0 4.0 2.0
5888.0 5.0 2.23606797749979
5893.0 8.0 2.8284271247461903
5898.0 6.0 2.449489742783178
5903.0 5.0 2.23606797749979
5908.0 5.0 2.23606797749979
5913.0 5.0 2.23606797749979
5918.0 4.0 2.0
5923.0 7.0 2.6457513110645907
5928.0 4.0 2.0
5933.0 10.0 3.1622776601683795
5938.0 5.0 2.23606797749979
5943.0 2.0 1.4142135623730951
5948.0 3.0 1.7320508075688772
5953.0 8.0 2.8284271247461903
5958.0 4.0 2.0
5963.0 4.0 2.0
5968.0 8.0 2.8284271247461903
5973.0 2.0 1.4142135623730951
5978.0 4.0 2.0
5983.0 8.0 2.8284271247461903
5988.0 6.0 2.449489742783178
5993.0 7.0 2.6457513110645907
5998.0 4.0 2.0
6003.0 5.0 2.23606797749979
6008.0 3.0 1.7320508075688772
6013.0 5.0 2.23606797749979
6018.0 4.0 2.0
6023.0 3.0 1.7320508075688772
6028.0 3.0 1.7320508075688772
6033.0 5.0 2.23606797749979
6038.0 3.0 1.7320508075688772
6043.0 3.0 1.7320508075688772
6048.0 3.0 1.7320508075688772
6053.0 6.0 2.449489742783178
6058.0 2.0 1.4142135623730951
6063.0 3.0 1.7320508075688772
6068.0 4.0 2.0
6073.0 4.0 2.0
6078.0 6.0 2.449489742783178
6083.0 2.0 1.4142135623730951
6088.0 0.0 0.0
6093.0 6.0 2.449489742783178
6098.0 4.0 2.0
6103.0 2.0 1.4142135623730951
6108.0 5.0 2.23606797749979
6113.0 0.0 0.0
6118.0 5.0 2.23606797749979
6123.0 6.0 2.449489742783178
6128.0 4.0 2.0
6133.0 5.0 2.23606797749979
6138.0 0.0 0.0
6143.0 2.0 1.4142135623730951
6148.0 4.0 2.0
6153.0 4.0 2.0
6158.0 2.0 1.4142135623730951
6163.0 5.0 2.23606797749979
6168.0 2.0 1.4142135623730951
6173.0 5.0 2.23606797749979
6178.0 9.0 3.0
6183.0 6.0 2.449489742783178
6188.0 2.0 1.4142135623730951
6193.0 2.0 1.4142135623730951
6198.0 3.0 1.7320508075688772
6203.0 3.0 1.7320508075688772
6208.0 4.0 2.0
6213.0 7.0 2.6457513110645907
6218.0 4.0 2.0
6223.0 1.0 1.0
6228.0 7.0 2.6457513110645907
6233.0 4.0 2.0
6238.0 1.0 1.0
6243.0 2.0 1.4142135623730951
6248.0 5.0 2.23606797749979
6253.0 1.0 1.0
6258.0 3.0 1.7320508075688772
6263.0 5.0 2.23606797749979
6268.0 3.0 1.7320508075688772
6273.0 2.0 1.4142135623730951
6278.0 5.0 2.23606797749979
6283.0 1.0 1.0
6288.0 3.0 1.7320508075688772
6293.0 2.0 1.4142135623730951
6298.0 3.0 1.7320508075688772
6303.0 5.0 2.23606797749979
6308.0 2.0 1.4142135623730951
6313.0 2.0 1.4142135623730951
6318.0 4.0 2.0
6323.0 4.0 2.0
6328.0 3.0 1.7320508075688772
6333.0 2.0 1.4142135623730951
6338.0 2.0 1.4142135623730951
6343.0 2.0 1.4142135623730951
6348.0 2.0 1.4142135623730951
6353.0 1.0 1.0
6358.0 1.0 1.0
6363.0 3.0 1.7320508075688772
6368.0 1.0 1.0
6373.0 2.0 1.4142135623730951
6378.0 2.0 1.4142135623730951
6383.0 3.0 1.7320508075688772
6388.0 3.0 1.7320508075688772
6393.0 1.0 1.0
6398.0 2.0 1.4142135623730951
6403.0 4.0 2.0
6408.0 4.0 2.0
6413.0 4.0 2.0
6418.0 1.0 1.0
6423.0 1.0 1.0
6428.0 2.0 1.4142135623730951
6433.0 1.0 1.0
6438.0 2.0 1.4142135623730951
6443.0 3.0 1.7320508075688772
6448.0 2.0 1.4142135623730951
6453.0 1.0 1.0
6458.0 7.0 2.6457513110645907
6463.0 1.0 1.0
6468.0 2.0 1.4142135623730951
6473.0 3.0 1.7320508075688772
6478.0 3.0 1.7320508075688772
6483.0 0.0 0.0
6488.0 1.0 1.0
6493.0 2.0 1.4142135623730951
6498.0 7.0 2.6457513110645907
6503.0 3.0 1.7320508075688772
6508.0 1.0 1.0
6513.0 7.0 2.6457513110645907
6518.0 3.0 1.7320508075688772
6523.0 0.0 0.0
6528.0 0.0 0.0
6533.0 3.0 1.7320508075688772
6538.0 3.0 1.7320508075688772
6543.0 3.0 1.7320508075688772
6548.0 2.0 1.4142135623730951
6553.0 2.0 1.4142135623730951
6558.0 2.0 1.4142135623730951
6563.0 3.0 1.7320508075688772
6568.0 2.0 1.4142135623730951
6573.0 2.0 1.4142135623730951
6578.0 0.0 0.0
6583.0 3.0 1.7320508075688772
6588.0 2.0 1.4142135623730951
6593.0 1.0 1.0
6598.0 1.0 1.0
6603.0 1.0 1.0
6608.0 2.0 1.4142135623730951
6613.0 2.0 1.4142135623730951
6618.0 1.0 1.0
6623.0 5.0 2.23606797749979
6628.0 1.0 1.0
6633.0 1.0 1.0
6638.0 1.0 1.0
6643.0 1.0 1.0
6648.0 2.0 1.4142135623730951
6653.0 4.0 2.0
6658.0 2.0 1.4142135623730951
6663.0 1.0 1.0
6668.0 1.0 1.0
6673.0 2.0 1.4142135623730951
6678.0 3.0 1.7320508075688772
6683.0 3.0 1.7320508075688772
6688.0 2.0 1.4142135623730951
6693.0 3.0 1.7320508075688772
6698.0 1.0 1.0
6703.0 1.0 1.0
6708.0 1.0 1.0
6713.0 1.0 1.0
6718.0 1.0 1.0
6723.0 0.0 0.0
6728.0 1.0 1.0
6733.0 1.0 1.0
6738.0 1.0 1.0
6743.0 1.0 1.0
6748.0 0.0 0.0
6753.0 2.0 1.4142135623730951
6758.0 2.0 1.4142135623730951
6763.0 2.0 1.4142135623730951
6768.0 2.0 1.4142135623730951
6773.0 2.0 1.4142135623730951
6778.0 2.0 1.4142135623730951
6783.0 3.0 1.7320508075688772
6788.0 1.0 1.0
6793.0 0.0 0.0
6798.0 2.0 1.4142135623730951
6803.0 0.0 0.0
6808.0 5.0 2.23606797749979
6813.0 0.0 0.0
6818.0 2.0 1.4142135623730951
6823.0 2.0 1.4142135623730951
6828.0 1.0 1.0
6833.0 0.0 0.0
6838.0 0.0 0.0
6843.0 0.0 0.0
6848.0 0.0 0.0
6853.0 1.0 1.0
6858.0 1.0 1.0
6863.0 1.0 1.0
6868.0 1.0 1.0
6873.0 3.0 1.7320508075688772
6878.0 3.0 1.7320508075688772
6883.0 1.0 1.0
6888.0 0.0 0.0
6893.0 2.0 1.4142135623730951
6898.0 1.0 1.0
6903.0 2.0 1.4142135623730951
6908.0 1.0 1.0
6913.0 1.0 1.0
6918.0 0.0 0.0
6923.0 2.0 1.4142135623730951
6928.0 3.0 1.7320508075688772
6933.0 1.0 1.0
6938.0 2.0 1.4142135623730951
6943.0 2.0 1.4142135623730951
6948.0 0.0 0.0
6953.0 2.0 1.4142135623730951
6958.0 1.0 1.0
6963.0 0.0 0.0
6968.0 2.0 1.4142135623730951
6973.0 4.0 2.0
6978.0 0.0 0.0
6983.0 0.0 0.0
6988.0 0.0 0.0
6993.0 1.0 1.0
6998.0 1.0 1.0
7003.0 3.0 1.7320508075688772
7008.0 0.0 0.0
7013.0 0.0 0.0
7018.0 1.0 1.0
7023.0 4.0 2.0
7028.0 0.0 0.0
7033.0 0.0 0.0
7038.0 1.0 1.0
7043.0 2.0 1.4142135623730951
7048.0 2.0 1.4142135623730951
7053.0 1.0 1.0
7058.0 2.0 1.4142135623730951
7063.0 3.0 1.7320508075688772
7068.0 0.0 0.0
7073.0 3.0 1.7320508075688772
7078.0 2.0 1.4142135623730951
7083.0 2.0 1.4142135623730951
7088.0 2.0 1.4142135623730951
7093.0 4.0 2.0
7098.0 0.0 0.0
7103.0 1.0 1.0
7108.0 3.0 1.7320508075688772
7113.0 2.0 1.4142135623730951
7118.0 4.0 2.0
7123.0 3.0 1.7320508075688772
7128.0 3.0 1.7320508075688772
7133.0 4.0 2.0
7138.0 3.0 1.7320508075688772
7143.0 3.0 1.7320508075688772
7148.0 2.0 1.4142135623730951
7153.0 3.0 1.7320508075688772
7158.0 4.0 2.0
7163.0 1.0 1.0
7168.0 1.0 1.0
7173.0 0.0 0.0
7178.0 1.0 1.0
7183.0 1.0 1.0
7188.0 3.0 1.7320508075688772
7193.0 3.0 1.7320508075688772
7198.0 2.0 1.4142135623730951
7203.0 1.0 1.0
7208.0 2.0 1.4142135623730951
7213.0 2.0 1.4142135623730951
7218.0 2.0 1.4142135623730951
7223.0 1.0 1.0
7228.0 0.0 0.0
7233.0 0.0 0.0
7238.0 1.0 1.0
7243.0 2.0 1.4142135623730951
7248.0 1.0 1.0
7253.0 0.0 0.0
7258.0 0.0 0.0
7263.0 1.0 1.0
7268.0 0.0 0.0
7273.0 2.0 1.4142135623730951
7278.0 2.0 1.4142135623730951
7283.0 1.0 1.0
7288.0 1.0 1.0
7293.0 3.0 1.7320508075688772
7298.0 0.0 0.0
7303.0 2.0 1.4142135623730951
7308.0 2.0 1.4142135623730951
7313.0 0.0 0.0
7318.0 0.0 0.0
7323.0 3.0 1.7320508075688772
7328.0 1.0 1.0
7333.0 1.0 1.0
7338.0 1.0 1.0
7343.0 0.0 0.0
7348.0 2.0 1.4142135623730951
7353.0 1.0 1.0
7358.0 3.0 1.7320508075688772
7363.0 1.0 1.0
7368.0 0.0 0.0
7373.0 0.0 0.0
7378.0 1.0 1.0
7383.0 0.0 0.0
7388.0 0.0 0.0
7393.0 1.0 1.0
7398.0 3.0 1.7320508075688772
7403.0 0.0 0.0
7408.0 0.0 0.0
7413.0 1.0 1.0
7418.0 3.0 1.7320508075688772
7423.0 0.0 0.0
7428.0 0.0 0.0
7433.0 0.0 0.0
7438.0 0.0 0.0
7443.0 1.0 1.0
7448.0 0.0 0.0
7453.0 0.0 0.0
7458.0 0.0 0.0
7463.0 0.0 0.0
7468.0 0.0 0.0
7473.0 0.0 0.0
7478.0 0.0 0.0
7483.0 0.0 0.0
7488.0 0.0 0.0
7493.0 0.0 0.0
7498.0 0.0 0.0
7503.0 0.0 0.0
7508.0 0.0 0.0
7513.0 0.0 0.0
7518.0 0.0 0.0
7523.0 0.0 0.0
7528.0 0.0 0.0
7533.0 0.0 0.0
7538.0 0.0 0.0
7543.0 0.0 0.0
7548.0 0.0 0.0
7553.0 0.0 0.0
7558.0 0.0 0.0
7563.0 0.0 0.0
7568.0 0.0 0.0
7573.0 0.0 0.0
7578.0 0.0 0.0
7583.0 2.0 1.4142135623730951
7588.0 0.0 0.0
7593.0 1.0 1.0
7598.0 0.0 0.0
7603.0 0.0 0.0
7608.0 0.0 0.0
7613.0 0.0 0.0
7618.0 0.0 0.0
7623.0 0.0 0.0
7628.0 0.0 0.0
7633.0 0.0 0.0
7638.0 0.0 0.0
7643.0 0.0 0.0
7648.0 0.0 0.0
7653.0 0.0 0.0
7658.0 0.0 0.0
7663.0 0.0 0.0
7668.0 0.0 0.0
7673.0 0.0 0.0
7678.0 0.0 0.0
7683.0 0.0 0.0
7688.0 0.0 0.0
7693.0 0.0 0.0
7698.0 0.0 0.0
7703.0 0.0 0.0
7708.0 0.0 0.0
7713.0 0.0 0.0
7718.0 0.0 0.0
7723.0 0.0 0.0
7728.0 0.0 0.0
7733.0 0.0 0.0
7738.0 0.0 0.0
7743.0 0.0 0.0
7748.0 0.0 0.0
7753.0 0.0 0.0
7758.0 0.0 0.0
7763.0 0.0 0.0
7768.0 0.0 0.0
7773.0 0.0 0.0
7778.0 0.0 0.0
7783.0 0.0 0.0
7788.0 0.0 0.0
7793.0 0.0 0.0
7798.0 0.0 0.0
7803.0 0.0 0.0
7808.0 0.0 0.0
7813.0 0.0 0.0
7818.0 0.0 0.0
7823.0 0.0 0.0
7828.0 0.0 0.0
7833.0 0.0 0.0
7838.0 0.0 0.0
7843.0 0.0 0.0
7848.0 0.0 0.0
7853.0 0.0 0.0
7858.0 0.0 0.0
7863.0 0.0 0.0
7868.0 0.0 0.0
7873.0 0.0 0.0
7878.0 0.0 0.0
7883.0 0.0 0.0
7888.0 0.0 0.0
7893.0 0.0 0.0
7898.0 0.0 0.0
7903.0 0.0 0.0
7908.0 0.0 0.0
7913.0 0.0 0.0
7918.0 0.0 0.0
7923.0 0.0 0.0
7928.0 0.0 0.0
7933.0 0.0 0.0
7938.0 0.0 0.0
7943.0 0.0 0.0
7948.0 0.0 0.0
7953.0 0.0 0.0
7958.0 0.0 0.0
7963.0 0.0 0.0
7968.0 0.0 0.0
7973.0 0.0 0.0
7978.0 0.0 0.0
7983.0 0.0 0.0
7988.0 0.0 0.0
7993.0 0.0 0.0
7998.0 0.0 0.0
8003.0 0.0 0.0
8008.0 0.0 0.0
8013.0 0.0 0.0
8018.0 0.0 0.0
8023.0 0.0 0.0
8028.0 0.0 0.0
8033.0 0.0 0.0
8038.0 0.0 0.0
8043.0 0.0 0.0
8048.0 0.0 0.0
8053.0 0.0 0.0
8058.0 0.0 0.0
8063.0 0.0 0.0
8068.0 0.0 0.0
8073.0 0.0 0.0
8078.0 0.0 0.0
8083.0 0.0 0.0
8088.0 0.0 0.0
8093.0 0.0 0.0
8098.0 0.0 0.0
8103.0 0.0 0.0
8108.0 0.0 0.0
8113.0 0.0 0.0
8118.0 0.0 0.0
8123.0 0.0 0.0
8128.0 0.0 0.0
8133.0 0.0 0.0
8138.0 0.0 0.0
8143.0 0.0 0.0
8148.0 0.0 0.0
8153.0 0.0 0.0
8158.0 0.0 0.0
8163.0 0.0 0.0
8168.0 0.0 0.0
8173.0 0.0 0.0
8178.0 0.0 0.0
8183.0 0.0 0.0
8188.0 0.0 0.0
8193.0 0.0 0.0
8198.0 0.0 0.0
8203.0 0.0 0.0
8208.0 0.0 0.0
8213.0 0.0 0.0
8218.0 0.0 0.0
8223.0 0.0 0.0
8228.0 0.0 0.0
8233.0 0.0 0.0
8238.0 0.0 0.0
8243.0 0.0 0.0
8248.0 0.0 0.0
8253.0 0.0 0.0
8258.0 0.0 0.0
8263.0 0.0 0.0
8268.0 0.0 0.0
8273.0 0.0 0.0
8278.0 0.0 0.0
8283.0 0.0 0.0
8288.0 0.0 0.0
8293.0 0.0 0.0
8298.0 0.0 0.0
8303.0 0.0 0.0
8308.0 0.0 0.0
8313.0 0.0 0.0
8318.0 0.0 0.0
8323.0 0.0 0.0
8328.0 0.0 0.0
8333.0 0.0 0.0
8338.0 0.0 0.0
8343.0 0.0 0.0
8348.0 0.0 0.0
8353.0 0.0 0.0
8358.0 0.0 0.0
8363.0 0.0 0.0
8368.0 0.0 0.0
8373.0 0.0 0.0
8378.0 0.0 0.0
8383.0 0.0 0.0
8388.0 0.0 0.0
8393.0 0.0 0.0
8398.0 0.0 0.0
8403.0 0.0 0.0
8408.0 0.0 0.0
8413.0 0.0 0.0
8418.0 0.0 0.0
8423.0 0.0 0.0
8428.0 0.0 0.0
8433.0 0.0 0.0
8438.0 0.0 0.0
8443.0 0.0 0.0
8448.0 0.0 0.0
8453.0 0.0 0.0
8458.0 0.0 0.0
8463.0 0.0 0.0
8468.0 0.0 0.0
8473.0 0.0 0.0
8478.0 0.0 0.0
8483.0 0.0 0.0
8488.0 0.0 0.0
8493.0 0.0 0.0
8498.0 0.0 0.0
8503.0 0.0 0.0
8508.0 0.0 0.0
8513.0 0.0 0.0
8518.0 0.0 0.0
8523.0 0.0 0.0
8528.0 0.0 0.0
8533.0 0.0 0.0
8538.0 0.0 0.0
8543.0 0.0 0.0
8548.0 0.0 0.0
8553.0 0.0 0.0
8558.0 0.0 0.0
8563.0 0.0 0.0
8568.0 0.0 0.0
8573.0 0.0 0.0
8578.0 0.0 0.0
8583.0 0.0 0.0
8588.0 0.0 0.0
8593.0 0.0 0.0
8598.0 0.0 0.0
8603.0 0.0 0.0
8608.0 0.0 0.0
8613.0 0.0 0.0
8618.0 0.0 0.0
8623.0 0.0 0.0
8628.0 0.0 0.0
8633.0 0.0 0.0
8638.0 0.0 0.0
8643.0 0.0 0.0
8648.0 0.0 0.0
8653.0 0.0 0.0
8658.0 0.0 0.0
8663.0 0.0 0.0
8668.0 0.0 0.0
8673.0 0.0 0.0
8678.0 0.0 0.0
8683.0 0.0 0.0
8688.0 0.0 0.0
8693.0 0.0 0.0
8698.0 0.0 0.0
8703.0 0.0 0.0
8708.0 0.0 0.0
8713.0 0.0 0.0
8718.0 0.0 0.0
8723.0 0.0 0.0
8728.0 0.0 0.0
8733.0 0.0 0.0
8738.0 0.0 0.0
8743.0 0.0 0.0
8748.0 0.0 0.0
8753.0 0.0 0.0
8758.0 0.0 0.0
8763.0 0.0 0.0
8768.0 0.0 0.0
8773.0 0.0 0.0
8778.0 0.0 0.0
8783.0 0.0 0.0
8788.0 0.0 0.0
8793.0 0.0 0.0
8798.0 0.0 0.0
8803.0 0.0 0.0
8808.0 0.0 0.0
8813.0 0.0 0.0
8818.0 0.0 0.0
8823.0 0.0 0.0
8828.0 0.0 0.0
8833.0 0.0 0.0
8838.0 0.0 0.0
8843.0 0.0 0.0
8848.0 0.0 0.0
8853.0 0.0 0.0
8858.0 0.0 0.0
8863.0 0.0 0.0
8868.0 0.0 0.0
8873.0 0.0 0.0
8878.0 0.0 0.0
8883.0 0.0 0.0
8888.0 0.0 0.0
8893.0 0.0 0.0
8898.0 0.0 0.0
8903.0 0.0 0.0
8908.0 0.0 0.0
8913.0 0.0 0.0
8918.0 0.0 0.0
8923.0 0.0 0.0
8928.0 0.0 0.0
8933.0 0.0 0.0
8938.0 0.0 0.0
8943.0 0.0 0.0
8948.0 0.0 0.0
8953.0 0.0 0.0
8958.0 0.0 0.0
8963.0 0.0 0.0
8968.0 0.0 0.0
8973.0 0.0 0.0
8978.0 0.0 0.0
8983.0 0.0 0.0
8988.0 0.0 0.0
8993.0 0.0 0.0
8998.0 0.0 0.0
9003.0 0.0 0.0
9008.0 0.0 0.0
9013.0 0.0 0.0
9018.0 0.0 0.0
9023.0 0.0 0.0
9028.0 0.0 0.0
9033.0 0.0 0.0
9038.0 0.0 0.0
9043.0 0.0 0.0
9048.0 0.0 0.0
9053.0 0.0 0.0
9058.0 0.0 0.0
9063.0 0.0 0.0
9068.0 0.0 0.0
9073.0 0.0 0.0
9078.0 0.0 0.0
9083.0 0.0 0.0
9088.0 0.0 0.0
9093.0 0.0 0.0
9098.0 0.0 0.0
9103.0 0.0 0.0
9108.0 0.0 0.0
9113.0 0.0 0.0
9118.0 0.0 0.0
9123.0 0.0 0.0
9128.0 0.0 0.0
9133.0 0.0 0.0
9138.0 0.0 0.0
9143.0 0.0 0.0
9148.0 0.0 0.0
9153.0 0.0 0.0
9158.0 0.0 0.0
9163.0 0.0 0.0
9168.0 0.0 0.0
9173.0 0.0 0.0
9178.0 0.0 0.0
9183.0 0.0 0.0
9188.0 0.0 0.0
9193.0 0.0 0.0
9198.0 0.0 0.0
9203.0 0.0 0.0
9208.0 0.0 0.0
9213.0 0.0 0.0
9218.0 0.0 0.0
9223.0 0.0 0.0
9228.0 0.0 0.0
9233.0 0.0 0.0
9238.0 0.0 0.0
9243.0 0.0 0.0
9248.0 0.0 0.0
9253.0 0.0 0.0
9258.0 0.0 0.0
9263.0 0.0 0.0
9268.0 0.0 0.0
9273.0 0.0 0.0
9278.0 0.0 0.0
9283.0 0.0 0.0
9288.0 0.0 0.0
9293.0 0.0 0.0
9298.0 0.0 0.0
9303.0 0.0 0.0
9308.0 0.0 0.0
9313.0 0.0 0.0
9318.0 0.0 0.0
9323.0 0.0 0.0
9328.0 0.0 0.0
9333.0 0.0 0.0
9338.0 0.0 0.0
9343.0 0.0 0.0
9348.0 0.0 0.0
9353.0 0.0 0.0
9358.0 0.0 0.0
9363.0 0.0 0.0
9368.0 0.0 0.0
9373.0 0.0 0.0
9378.0 0.0 0.0
9383.0 0.0 0.0
9388.0 0.0 0.0
9393.0 0.0 0.0
9398.0 0.0 0.0
9403.0 0.0 0.0
9408.0 0.0 0.0
9413.0 0.0 0.0
9418.0 0.0 0.0
9423.0 0.0 0.0
9428.0 0.0 0.0
9433.0 0.0 0.0
9438.0 0.0 0.0
9443.0 0.0 0.0
9448.0 0.0 0.0
9453.0 0.0 0.0
9458.0 0.0 0.0
9463.0 0.0 0.0
9468.0 0.0 0.0
9473.0 0.0 0.0
9478.0 0.0 0.0
9483.0 0.0 0.0
9488.0 0.0 0.0
9493.0 0.0 0.0
9498.0 0.0 0.0
9503.0 0.0 0.0
9508.0 0.0 0.0
9513.0 0.0 0.0
9518.0 0.0 0.0
9523.0 0.0 0.0
9528.0 0.0 0.0
9533.0 0.0 0.0
9538.0 0.0 0.0
9543.0 0.0 0.0
9548.0 0.0 0.0
9553.0 0.0 0.0
9558.0 0.0 0.0
9563.0 0.0 0.0
9568.0 0.0 0.0
9573.0 0.0 0.0
9578.0 0.0 0.0
9583.0 0.0 0.0
9588.0 0.0 0.0
9593.0 0.0 0.0
9598.0 0.0 0.0
9603.0 0.0 0.0
9608.0 0.0 0.0
9613.0 0.0 0.0
9618.0 0.0 0.0
9623.0 0.0 0.0
9628.0 0.0 0.0
9633.0 0.0 0.0
9638.0 0.0 0.0
9643.0 0.0 0.0
9648.0 0.0 0.0
9653.0 0.0 0.0
9658.0 0.0 0.0
9663.0 0.0 0.0
9668.0 0.0 0.0
9673.0 0.0 0.0
9678.0 0.0 0.0
9683.0 0.0 0.0
9688.0 0.0 0.0
9693.0 0.0 0.0
9698.0 0.0 0.0
9703.0 0.0 0.0
9708.0 0.0 0.0
9713.0 0.0 0.0
9718.0 0.0 0.0
9723.0 0.0 0.0
9728.0 0.0 0.0
9733.0 0.0 0.0
9738.0 0.0 0.0
9743.0 0.0 0.0
9748.0 0.0 0.0
9753.0 0.0 0.0
9758.0 0.0 0.0
9763.0 0.0 0.0
9768.0 0.0 0.0
9773.0 0.0 0.0
9778.0 0.0 0.0
9783.0 0.0 0.0
9788.0 0.0 0.0
9793.0 0.0 0.0
9798.0 0.0 0.0
9803.0 0.0 0.0
9808.0 0.0 0.0
9813.0 0.0 0.0
9818.0 0.0 0.0
9823.0 0.0 0.0
9828.0 0.0 0.0
9833.0 0.0 0.0
9838.0 0.0 0.0
9843.0 0.0 0.0
9848.0 0.0 0.0
9853.0 0.0 0.0
9858.0 0.0 0.0
9863.0 0.0 0.0
9868.0 0.0 0.0
9873.0 0.0 0.0
9878.0 0.0 0.0
9883.0 0.0 0.0
9888.0 0.0 0.0
9893.0 0.0 0.0
9898.0 0.0 0.0
9903.0 0.0 0.0
9908.0 0.0 0.0
9913.0 0.0 0.0
9918.0 0.0 0.0
9923.0 0.0 0.0
9928.0 0.0 0.0
9933.0 0.0 0.0
9938.0 0.0 0.0
9943.0 0.0 0.0
9948.0 0.0 0.0
9953.0 0.0 0.0
9958.0 0.0 0.0
9963.0 0.0 0.0
9968.0 0.0 0.0
9973.0 0.0 0.0
9978.0 0.0 0.0
9983.0 0.0 0.0
9988.0 0.0 0.0
9993.0 0.0 0.0
9998.0 0.0 0.0
10003.0 0.0 0.0
10008.0 0.0 0.0
10013.0 0.0 0.0
10018.0 0.0 0.0
10023.0 0.0 0.0
10028.0 0.0 0.0
10033.0 0.0 0.0
10038.0 0.0 0.0
10043.0 0.0 0.0
10048.0 0.0 0.0
10053.0 0.0 0.0
10058.0 0.0 0.0
10063.0 0.0 0.0
10068.0 0.0 0.0
10073.0 0.0 0.0
10078.0 0.0 0.0
10083.0 0.0 0.0
10088.0 0.0 0.0
10093.0 0.0 0.0
10098.0 0.0 0.0
10103.0 0.0 0.0
10108.0 0.0 0.0
10113.0 0.0 0.0
10118.0 0.0 0.0
10123.0 0.0 0.0
10128.0 0.0 0.0
10133.0 0.0 0.0
10138.0 0.0 0.0
10143.0 0.0 0.0
10148.0 0.0 0.0
10153.0 0.0 0.0
10158.0 0.0 0.0
10163.0 0.0 0.0
10168.0 0.0 0.0
10173.0 0.0 0.0
10178.0 0.0 0.0
10183.0 0.0 0.0
10188.0 0.0 0.0
10193.0 0.0 0.0
10198.0 0.0 0.0
10203.0 0.0 0.0
10208.0 0.0 0.0
10213.0 0.0 0.0
10218.0 0.0 0.0
10223.0 0.0 0.0
10228.0 0.0 0.0
10233.0 0.0 0.0
10238.0 0.0 0.0
10243.0 0.0 0.0
10248.0 0.0 0.0
10253.0 0.0 0.0
10258.0 0.0 0.0
10263.0 0.0 0.0
10268.0 0.0 0.0
10273.0 0.0 0.0
10278.0 0.0 0.0
10283.0 0.0 0.0
10288.0 0.0 0.0
10293.0 0.0 0.0
10298.0 0.0 0.0
10303.0 0.0 0.0
10308.0 0.0 0.0
10313.0 0.0 0.0
10318.0 0.0 0.0
10323.0 0.0 0.0
10328.0 0.0 0.0
10333.0 0.0 0.0
10338.0 0.0 0.0
10343.0 0.0 0.0
10348.0 0.0 0.0
10353.0 0.0 0.0
10358.0 0.0 0.0
10363.0 0.0 0.0
10368.0 0.0 0.0
10373.0 0.0 0.0
10378.0 0.0 0.0
10383.0 0.0 0.0
10388.0 0.0 0.0
10393.0 0.0 0.0
10398.0 0.0 0.0
10403.0 0.0 0.0
10408.0 0.0 0.0
10413.0 0.0 0.0
10418.0 0.0 0.0
10423.0 0.0 0.0
10428.0 0.0 0.0
10433.0 0.0 0.0
10438.0 0.0 0.0
10443.0 0.0 0.0
10448.0 0.0 0.0
10453.0 0.0 0.0
10458.0 0.0 0.0
10463.0 0.0 0.0
10468.0 0.0 0.0
10473.0 0.0 0.0
10478.0 0.0 0.0
10483.0 0.0 0.0
10488.0 0.0 0.0
10493.0 0.0 0.0
10498.0 0.0 0.0
10503.0 0.0 0.0
10508.0 0.0 0.0
10513.0 0.0 0.0
10518.0 0.0 0.0
10523.0 0.0 0.0
10528.0 0.0 0.0
10533.0 0.0 0.0
10538.0 0.0 0.0
10543.0 0.0 0.0
10548.0 0.0 0.0
10553.0 0.0 0.0
10558.0 0.0 0.0
10563.0 0.0 0.0
10568.0 0.0 0.0
10573.0 0.0 0.0
10578.0 0.0 0.0
10583.0 0.0 0.0
10588.0 0.0 0.0
10593.0 0.0 0.0
10598.0 0.0 0.0
10603.0 0.0 0.0
10608.0 0.0 0.0
10613.0 0.0 0.0
10618.0 0.0 0.0
10623.0 0.0 0.0
10628.0 0.0 0.0
10633.0 0.0 0.0
10638.0 0.0 0.0
10643.0 0.0 0.0
10648.0 0.0 0.0
10653.0 0.0 0.0
10658.0 0.0 0.0
10663.0 0.0 0.0
10668.0 0.0 0.0
10673.0 0.0 0.0
10678.0 0.0 0.0
10683.0 0.0 0.0
10688.0 0.0 0.0
10693.0 0.0 0.0
10698.0 0.0 0.0
10703.0 0.0 0.0
10708.0 0.0 0.0
10713.0 0.0 0.0
10718.0 0.0 0.0
10723.0 0.0 0.0
10728.0 0.0 0.0
10733.0 0.0 0.0
10738.0 0.0 0.0
10743.0 0.0 0.0
10748.0 0.0 0.0
10753.0 0.0 0.0
10758.0 0.0 0.0
10763.0 0.0 0.0
10768.0 0.0 0.0
10773.0 0.0 0.0
10778.0 0.0 0.0
10783.0 0.0 0.0
10788.0 0.0 0.0
10793.0 0.0 0.0
10798.0 0.0 0.0
10803.0 0.0 0.0
10808.0 0.0 0.0
10813.0 0.0 0.0
10818.0 0.0 0.0
10823.0 0.0 0.0
10828.0 0.0 0.0
10833.0 0.0 0.0
10838.0 0.0 0.0
10843.0 0.0 0.0
10848.0 0.0 0.0
10853.0 0.0 0.0
10858.0 0.0 0.0
10863.0 0.0 0.0
10868.0 0.0 0.0
10873.0 0.0 0.0
10878.0 0.0 0.0
10883.0 0.0 0.0
10888.0 0.0 0.0
10893.0 0.0 0.0
10898.0 0.0 0.0
10903.0 0.0 0.0
10908.0 0.0 0.0
10913.0 0.0 0.0
10918.0 0.0 0.0
10923.0 0.0 0.0
10928.0 0.0 0.0
10933.0 0.0 0.0
10938.0 0.0 0.0
10943.0 0.0 0.0
10948.0 0.0 0.0
10953.0 0.0 0.0
10958.0 0.0 0.0
10963.0 0.0 0.0
10968.0 0.0 0.0
10973.0 0.0 0.0
10978.0 0.0 0.0
10983.0 0.0 0.0
10988.0 0.0 0.0
10993.0 0.0 0.0
10998.0 0.0 0.0
11003.0 0.0 0.0
11008.0 0.0 0.0
11013.0 0.0 0.0
11018.0 0.0 0.0
11023.0 0.0 0.0
11028.0 0.0 0.0
11033.0 0.0 0.0
11038.0 0.0 0.0
11043.0 0.0 0.0
11048.0 0.0 0.0
11053.0 0.0 0.0
11058.0 0.0 0.0
11063.0 0.0 0.0
11068.0 0.0 0.0
11073.0 0.0 0.0
11078.0 0.0 0.0
11083.0 0.0 0.0
11088.0 0.0 0.0
11093.0 0.0 0.0
11098.0 0.0 0.0
11103.0 0.0 0.0
11108.0 0.0 0.0
11113.0 0.0 0.0
11118.0 0.0 0.0
11123.0 0.0 0.0
11128.0 0.0 0.0
11133.0 0.0 0.0
11138.0 0.0 0.0
11143.0 0.0 0.0
11148.0 0.0 0.0
11153.0 0.0 0.0
11158.0 0.0 0.0
11163.0 0.0 0.0
11168.0 0.0 0.0
11173.0 0.0 0.0
11178.0 0.0 0.0
11183.0 0.0 0.0
11188.0 0.0 0.0
11193.0 0.0 0.0
11198.0 0.0 0.0
11203.0 0.0 0.0
11208.0 0.0 0.0
11213.0 0.0 0.0
11218.0 0.0 0.0
11223.0 0.0 0.0
11228.0 0.0 0.0
11233.0 0.0 0.0
11238.0 0.0 0.0
11243.0 0.0 0.0
11248.0 0.0 0.0
11253.0 0.0 0.0
11258.0 0.0 0.0
11263.0 0.0 0.0
11268.0 0.0 0.0
11273.0 0.0 0.0
11278.0 0.0 0.0
11283.0 0.0 0.0
11288.0 0.0 0.0
11293.0 0.0 0.0
11298.0 0.0 0.0
11303.0 0.0 0.0
11308.0 0.0 0.0
11313.0 0.0 0.0
11318.0 0.0 0.0
11323.0 0.0 0.0
11328.0 0.0 0.0
11333.0 0.0 0.0
11338.0 0.0 0.0
11343.0 0.0 0.0
11348.0 0.0 0.0
11353.0 0.0 0.0
11358.0 0.0 0.0
11363.0 0.0 0.0
11368.0 0.0 0.0
11373.0 0.0 0.0
11378.0 0.0 0.0
11383.0 0.0 0.0
11388.0 0.0 0.0
11393.0 0.0 0.0
11398.0 0.0 0.0
11403.0 0.0 0.0
11408.0 0.0 0.0
11413.0 0.0 0.0
11418.0 0.0 0.0
11423.0 0.0 0.0
11428.0 0.0 0.0
11433.0 0.0 0.0
11438.0 0.0 0.0
11443.0 0.0 0.0
11448.0 0.0 0.0
11453.0 0.0 0.0
11458.0 0.0 0.0
11463.0 0.0 0.0
11468.0 0.0 0.0
11473.0 0.0 0.0
11478.0 0.0 0.0
11483.0 0.0 0.0
11488.0 0.0 0.0
11493.0 0.0 0.0
11498.0 0.0 0.0
11503.0 0.0 0.0
11508.0 0.0 0.0
11513.0 0.0 0.0
11518.0 0.0 0.0
11523.0 0.0 0.0
11528.0 0.0 0.0
11533.0 0.0 0.0
11538.0 0.0 0.0
11543.0 0.0 0.0
11548.0 0.0 0.0
11553.0 0.0 0.0
11558.0 0.0 0.0
11563.0 0.0 0.0
11568.0 0.0 0.0
11573.0 0.0 0.0
11578.0 0.0 0.0
11583.0 0.0 0.0
11588.0 0.0 0.0
11593.0 0.0 0.0
11598.0 0.0 0.0
11603.0 0.0 0.0
11608.0 0.0 0.0
11613.0 0.0 0.0
11618.0 0.0 0.0
11623.0 0.0 0.0
11628.0 0.0 0.0
11633.0 0.0 0.0
11638.0 0.0 0.0
11643.0 0.0 0.0
11648.0 0.0 0.0
11653.0 0.0 0.0
11658.0 0.0 0.0
11663.0 0.0 0.0
11668.0 0.0 0.0
11673.0 0.0 0.0
11678.0 0.0 0.0
11683.0 0.0 0.0
11688.0 0.0 0.0
11693.0 0.0 0.0
11698.0 0.0 0.0
11703.0 0.0 0.0
11708.0 0.0 0.0
11713.0 0.0 0.0
11718.0 0.0 0.0
11723.0 0.0 0.0
11728.0 0.0 0.0
11733.0 0.0 0.0
11738.0 0.0 0.0
11743.0 0.0 0.0
11748.0 0.0 0.0
11753.0 0.0 0.0
11758.0 0.0 0.0
11763.0 0.0 0.0
11768.0 0.0 0.0
11773.0 0.0 0.0
11778.0 0.0 0.0
11783.0 0.0 0.0
11788.0 0.0 0.0
11793.0 0.0 0.0
11798.0 0.0 0.0
11803.0 0.0 0.0
11808.0 0.0 0.0
11813.0 0.0 0.0
11818.0 0.0 0.0
11823.0 0.0 0.0
11828.0 0.0 0.0
11833.0 0.0 0.0
11838.0 0.0 0.0
11843.0 0.0 0.0
11848.0 0.0 0.0
11853.0 0.0 0.0
11858.0 0.0 0.0
11863.0 0.0 0.0
11868.0 0.0 0.0
11873.0 0.0 0.0
11878.0 0.0 0.0
11883.0 0.0 0.0
11888.0 0.0 0.0
11893.0 0.0 0.0
11898.0 0.0 0.0
11903.0 0.0 0.0
11908.0 0.0 0.0
11913.0 0.0 0.0
11918.0 0.0 0.0
11923.0 0.0 0.0
11928.0 0.0 0.0
11933.0 0.0 0.0
11938.0 0.0 0.0
11943.0 0.0 0.0
11948.0 0.0 0.0
11953.0 0.0 0.0
11958.0 0.0 0.0
11963.0 0.0 0.0
11968.0 0.0 0.0
11973.0 0.0 0.0
11978.0 0.0 0.0
11983.0 0.0 0.0
11988.0 0.0 0.0
11993.0 0.0 0.0
