Distance_(pixels),Gray_Value
0,26.2455
1,26.2754
2,25.8922
3,25.9461
4,26.0299
5,26.0659
6,25.9820
7,25.9641
8,25.9760
9,25.7784
10,25.9820
11,26.5150
12,26.4311
13,26.6168
14,26.9222
15,26.7725
16,27.2395
17,27.4192
18,27.7246
19,27.5988
20,27.9641
21,28.4192
22,28.8982
23,28.9102
24,29.2695
25,29.8443
26,30.1677
27,30.7006
28,30.7904
29,31.6168
30,32.1856
31,32.5389
32,33.1437
33,33.6347
34,34.3174
35,35.1976
36,35.6467
37,36.3413
38,37.4192
39,38.3713
40,38.8862
41,39.8743
42,40.5629
43,41.1078
44,42.1317
45,43.4311
46,44.3293
47,45.0299
48,46.1796
49,47.4251
50,48.5988
51,49.3353
52,49.9880
53,51.0958
54,51.5749
55,52.1138
56,52.8144
57,53.3353
58,54.0060
59,54.4072
60,54.7665
61,55.2036
62,55.5210
63,56.3234
64,56.3473
65,56.7126
66,56.6287
67,57.1617
68,57.0838
69,57.5868
70,57.6228
71,57.6886
72,57.6946
73,57.5988
74,57.4790
75,57.3174
76,57.1138
77,57.2156
78,56.8623
79,56.9581
80,56.5928
81,56.5269
82,56.0898
83,55.6287
84,55.1856
85,54.8623
86,54.3772
87,53.9281
88,53.4431
89,53.3952
90,52.6168
91,51.9281
92,51.4790
93,51.0419
94,49.9341
95,49.4311
96,49.0299
97,48.3593
98,47.8982
99,47.2874
100,46.8563
101,46.6527
102,46.0120
103,45.7425
104,45.3293
105,45.0060
106,44.9940
107,44.6587
108,44.3593
109,44.0898
110,43.9281
111,44.0060
112,43.9760
113,44.0539
114,44.1737
115,44.1437
116,43.8563
117,44.1856
118,44.2515
119,44.7964
120,44.7605
121,45.2335
122,45.8204
123,45.8443
124,46.3713
125,46.6946
126,47.1437
127,47.6347
128,48.2695
129,49.0000
130,49.6168
131,49.8503
132,50.5090
133,51.1078
134,51.6407
135,52.0599
136,52.4850
137,53.0539
138,53.6766
139,54.2096
140,54.6347
141,55.2575
142,55.4970
143,55.9341
144,55.9162
145,56.5749
146,57.0898
147,57.3832
148,57.6766
149,57.9461
150,58.1737
151,58.4431
152,58.9341
153,59.1796
154,59.4192
155,59.3473
156,59.4132
157,59.2275
158,59.5569
159,59.2575
160,59.3353
161,59.0180
162,58.7665
163,58.8623
164,58.5749
165,58.3234
166,57.9401
167,57.5030
168,57.0898
169,56.7545
170,56.1916
171,55.3952
172,54.6048
173,53.8683
174,53.2156
175,52.3473
176,51.5389
177,50.1976
178,49.2515
179,48.2994
180,47.3772
181,46.4850
182,45.6647
183,44.3952
184,43.9820
185,42.9162
186,41.6886
187,41.0180
188,40.3892
189,39.3293
190,38.5269
191,37.8982
192,37.2036
193,36.4192
194,35.5629
195,34.9162
196,34.6946
197,34.1497
198,33.8503
199,33.1796
200,32.9461
201,32.6168
202,32.1257
203,31.9341
204,31.4731
205,31.0359
206,30.5449
207,30.0299
208,29.9341
209,29.6407
210,29.4491
211,29.1198
212,29.0359
213,28.5030
214,28.7784
215,28.2575
216,28.3832
217,28.3054
218,28.0898
219,27.8922
220,27.6766
221,27.8323
222,27.7964
223,27.9641
224,27.6647
225,27.6108
226,27.8204
227,27.9701
228,27.9581
229,28.0479
230,28.3353
231,28.4132
232,28.2455
233,28.4611
234,28.7665
235,28.9281
236,29.0060
237,29.1796
238,29.7425
239,29.9880
240,30.2395
241,30.4311
242,31.1138
243,31.3832
244,31.6826
245,32.2455
246,32.5868
247,32.9042
248,33.7545
249,34.2934
250,34.5749
251,35.1497
252,35.8623
253,36.3772
254,36.7904
255,37.6467
256,38.2455
257,39.0419
258,39.8383
259,40.5150
260,41.5868
261,42.0060
262,43.0000
263,44.2156
264,44.9281
265,46.0778
266,47.0299
267,48.2754
268,49.1317
269,50.1916
270,50.8862
271,51.7665
272,52.3772
273,52.9341
274,53.7425
275,54.4551
276,54.6946
277,55.5928
278,56.3174
279,56.7665
280,57.0659
281,57.5928
282,58.1018
283,58.0719
284,58.5449
285,58.9820
286,59.5210
287,59.6168
288,59.9162
289,60.0120
290,60.2335
291,60.3653
292,60.1317
293,60.3054
294,60.1257
295,61.3353
296,59.9701
297,59.8982
298,59.7725
299,59.4251
300,59.4192
301,58.9281
302,58.7305
303,58.4132
304,58.1737
305,57.8503
306,57.2455
307,56.8683
308,56.5868
309,56.1138
310,55.5629
311,55.1257
312,54.4850
313,53.9760
314,53.4192
315,52.6108
316,52.2036
317,51.6168
318,51.0659
319,50.7904
320,50.1617
321,49.4431
322,49.1617
323,48.9461
324,48.6647
325,48.1856
326,47.6647
327,47.2635
328,47.1497
329,47.0898
330,46.8623
331,47.1138
332,46.6826
333,46.5689
334,46.5808
335,46.5509
336,46.4491
337,46.8743
338,46.8204
339,46.6287
340,46.9401
341,47.2695
342,47.4072
343,48.3054
344,48.5269
345,48.8922
346,49.4012
347,50.2754
348,50.7964
349,51.1677
350,51.4731
351,51.8802
352,52.2934
353,52.7365
354,53.3054
355,53.7904
356,54.3234
357,54.6946
358,55.1617
359,55.6826
360,56.2575
361,56.8084
362,57.2036
363,57.6168
364,57.9102
365,58.4132
366,58.8503
367,59.1916
368,59.5808
369,59.8323
370,60.2395
371,60.4731
372,60.9641
373,61.0419
374,61.2695
375,61.4431
376,61.5389
377,61.7605
378,61.6707
379,61.5928
380,61.6946
381,61.4251
382,61.3713
383,61.0180
384,60.8922
385,60.5509
386,60.4970
387,60.1737
388,59.7784
389,59.3353
390,58.8683
391,58.3772
392,57.8204
393,56.9461
394,56.7665
395,56.0359
396,55.2635
397,54.5449
398,53.6347
399,52.9102
400,51.7186
401,50.6946
402,49.6527
403,48.7784
404,47.2395
405,46.6707
406,45.8743
407,44.8383
408,44.2695
409,43.1737
410,42.4192
411,41.5629
412,40.6886
413,39.9102
414,39.0898
415,38.9162
416,38.1377
417,37.4551
418,36.7006
419,36.1796
420,35.5689
421,35.0180
422,34.5210
423,34.1138
424,33.7425
425,33.4251
426,32.9641
427,32.5808
428,32.3054
429,31.8862
430,31.5868
431,31.3713
432,31.0599
433,30.8144
434,30.7186
435,30.1198
436,30.2216
437,30.0359
438,29.8503
439,29.7904
440,29.4671
441,29.5689
442,29.6826
443,29.4192
444,29.3892
445,29.3892
446,29.4371
447,29.4311
448,29.3293
449,29.6347
450,29.6647
451,29.5389
452,29.7365
453,29.8743
454,30.0180
455,29.9281
456,30.1856
457,30.5928
458,30.4671
459,31.0958
460,31.2695
461,31.4551
462,31.9281
463,32.1976
464,32.4012
465,32.8024
466,33.0599
467,33.9222
468,34.0838
469,34.6108
470,35.4611
471,35.8383
472,36.3952
473,36.8084
474,37.7126
475,38.5509
476,39.1856
477,39.7126
478,40.4192
479,41.7305
480,42.6587
481,43.0000
482,43.7725
483,44.8683
484,45.7305
485,47.1557
486,48.1138
487,49.2455
488,50.3413
489,50.9341
490,51.5689
491,52.5629
492,53.3832
493,54.3593
494,55.0180
495,55.5269
496,56.0419
497,56.6826
498,57.4311
499,57.8084
500,58.3174
501,58.8802
502,59.3772
503,59.8323
504,60.3174
505,60.6647
506,61.1856
507,61.8263
508,62.1737
509,62.3353
510,62.5269
511,62.6766
512,62.9162
513,62.9401
514,63.1976
515,63.1737
516,63.1677
517,63.3593
518,62.9341
519,63.2216
520,63.2096
521,62.6886
522,62.2575
523,62.1737
524,62.1856
525,61.7305
526,61.2874
527,61.0240
528,60.9521
529,60.4491
530,59.9940
531,59.3054
532,59.2335
533,58.7006
534,58.3713
535,57.7305
536,57.2216
537,56.8623
538,56.5868
539,56.2695
540,55.6527
541,55.3174
542,54.7246
543,54.3533
544,54.0838
545,53.6946
546,53.3952
547,53.0778
548,53.1078
549,52.8802
550,52.2515
551,51.6407
552,51.4192
553,51.3054
554,51.4611
555,51.1257
556,50.7246
557,50.9641
558,51.1018
559,51.1138
560,51.2395
561,51.5509
562,51.6048
563,51.8802
564,52.1257
565,52.2934
566,52.4910
567,52.8383
568,53.1317
569,53.3952
570,53.7006
571,54.1677
572,54.5030
573,54.6168
574,55.0060
575,55.5090
576,55.8323
577,56.1257
578,56.8922
579,57.1916
580,57.6048
581,58.0958
582,58.8383
583,59.3952
584,59.9880
585,60.2874
586,60.5928
587,61.1078
588,61.4311
589,62.1078
590,62.5030
591,63.0120
592,63.2575
593,63.4910
594,63.8683
595,64.0838
596,64.2755
597,64.8563
598,65.0180
599,65.0778
600,64.9940
601,65.0599
602,64.9581
603,65.3413
604,65.4192
605,65.0120
606,64.8922
607,64.9162
608,64.6287
609,64.3892
610,63.8683
611,63.6886
612,63.4790
613,63.0838
614,62.5389
615,62.1138
616,61.8443
617,61.1737
618,60.5389
619,59.8503
620,59.5150
621,58.5090
622,58.0240
623,57.4072
624,56.5569
625,55.7186
626,55.2275
627,54.4731
628,53.5449
629,52.6467
630,51.0958
631,50.4132
632,49.2934
633,48.1497
634,47.5749
635,46.5988
636,45.8084
637,44.8084
638,43.8263
639,43.4371
640,42.8323
641,41.7186
642,41.1856
643,40.7006
644,40.2335
645,39.2096
646,38.2455
647,38.3533
648,37.7784
649,37.0599
650,36.3533
651,35.8024
652,35.6766
653,35.3772
654,35.0958
655,34.7784
656,34.2156
657,33.9222
658,33.7725
659,33.6168
660,33.2455
661,33.1078
662,32.7844
663,32.7365
664,32.5868
665,32.3952
666,32.5689
667,32.4132
668,32.5449
669,32.4671
670,32.2635
671,32.0419
672,32.0419
673,32.0120
674,31.8204
675,32.1976
676,32.3952
677,32.6347
678,32.6467
679,32.6467
680,32.9581
681,33.2156
682,33.3473
683,33.5988
684,33.8743
685,34.3533
686,34.7305
687,34.7305
688,35.4491
689,35.8563
690,36.1078
691,36.3054
692,36.7725
693,37.1737
694,37.5569
695,38.3054
696,38.7784
697,39.5509
698,40.1497
699,41.0778
700,41.4910
701,42.3892
702,43.0659
703,44.1437
704,45.1138
705,45.7186
706,46.4790
707,47.3713
708,48.4251
709,49.4970
710,50.4551
711,51.7485
712,52.4491
713,53.0000
714,53.9760
715,54.6048
716,55.3832
717,56.4311
718,56.7964
719,57.5988
720,58.1856
721,58.9222
722,59.2994
723,60.2934
724,60.7964
725,61.2754
726,61.7365
727,62.4790
728,62.8144
729,63.1078
730,63.6766
731,63.9401
732,64.2216
733,64.8743
734,65.2216
735,65.4910
736,65.5210
737,66.0659
738,65.8503
739,66.0778
740,66.2335
741,66.1617
742,66.0778
743,66.1976
744,65.9940
745,65.7545
746,65.7725
747,65.6287
748,65.3174
749,65.1497
750,64.6527
751,64.2575
752,63.9461
753,63.5988
754,63.1198
755,62.8383
756,62.5210
757,62.1677
758,61.5329
759,61.1557
760,60.8204
761,60.3952
762,59.9401
763,59.3473
764,59.0000
765,58.6587
766,58.2994
767,57.8802
768,57.7485
769,57.4431
770,56.8922
771,56.6647
772,56.0838
773,56.0539
774,55.5569
775,55.1257
776,55.0958
777,54.7904
778,54.7784
779,54.5150
780,54.4491
781,54.4132
782,54.2754
783,54.2156
784,54.3293
785,54.2335
786,54.1976
787,54.3174
788,54.5030
789,54.6108
790,54.7246
791,55.0838
792,55.0000
793,55.3832
794,55.4611
795,55.8263
796,56.0060
797,56.6647
798,56.7006
799,56.9760
800,57.4671
801,57.8323
802,58.1856
803,58.5749
804,59.1437
805,59.4671
806,59.8862
807,60.2814
808,60.8084
809,61.1916
810,61.6467
811,62.1198
812,62.6587
813,63.0659
814,63.3413
815,63.7784
816,64.2635
817,64.5928
818,64.9401
819,65.1677
820,65.7186
821,65.9461
822,66.3892
823,66.5689
824,66.5928
825,66.6826
826,67.0000
827,66.8024
828,66.8443
829,67.0060
830,67.0898
831,66.9641
832,66.7006
833,66.6587
834,66.4970
835,66.3174
836,66.0060
837,65.7305
838,65.3234
839,64.9102
840,64.7365
841,64.0958
842,63.7485
843,63.1018
844,62.7246
845,62.2395
846,61.6287
847,60.9222
848,60.3174
849,59.6826
850,59.0419
851,58.5569
852,58.0120
853,57.0000
854,56.3713
855,55.8683
856,55.0599
857,54.1497
858,53.2156
859,52.3413
860,51.5749
861,50.5629
862,49.6707
863,48.3174
864,47.5449
865,46.7545
866,46.1437
867,44.9581
868,44.2814
869,43.6287
870,43.0479
871,42.2994
872,41.6886
873,41.0120
874,40.1138
875,40.0120
876,39.3892
877,38.9940
878,38.3653
879,37.9341
880,37.5449
881,37.2395
882,36.8802
883,36.6287
884,36.0719
885,35.8144
886,35.4491
887,35.4132
888,35.0299
889,34.7665
890,34.8204
891,34.2395
892,34.5210
893,34.2515
894,34.1437
895,34.0180
896,33.9940
897,34.0419
898,33.8084
899,33.9760
900,33.9341
901,33.8144
902,33.7725
903,34.1677
904,34.1377
905,33.9581
906,34.3952
907,34.6287
908,34.5988
909,34.8802
910,34.9820
911,35.0898
912,35.6766
913,35.8263
914,35.8503
915,36.2635
916,37.0659
917,37.3653
918,37.7006
919,38.4012
920,38.6707
921,39.1377
922,39.5329
923,40.1976
924,40.4790
925,41.1138
926,42.2036
927,42.7784
928,43.6587
929,44.4671
930,45.1317
931,45.8443
932,46.8683
933,47.7665
934,48.6168
935,49.8743
936,50.6587
937,51.3593
938,52.3892
939,53.2874
940,54.1557
941,54.8862
942,55.3174
943,56.0419
944,56.9401
945,57.6826
946,58.3234
947,58.9042
948,59.3114
949,59.7725
950,60.4311
951,61.3892
952,61.7665
953,62.5030
954,63.1737
955,63.4491
956,63.8802
957,64.3772
958,64.5928
959,65.1796
960,65.5868
961,65.8743
962,66.2814
963,66.3353
964,66.8383
965,66.9162
966,67.1078
967,67.1078
968,67.5030
969,67.5269
970,67.6287
971,67.6048
972,67.4850
973,67.5988
974,67.0419
975,66.8862
976,66.8862
977,66.5569
978,66.3473
979,65.8862
980,65.5629
981,65.1856
982,64.8323
983,64.4012
984,63.9760
985,63.5389
986,63.1796
987,62.9042
988,62.5210
989,62.2335
990,61.7425
991,61.4551
992,60.9341
993,60.4192
994,59.9401
995,59.3413
996,59.3473
997,58.9581
998,58.7844
999,58.3353
1000,57.8144
1001,57.8204
1002,57.2754
1003,57.2814
1004,56.9341
1005,56.8503
1006,56.6707
1007,56.0838
1008,56.1677
1009,56.1617
1010,56.0659
1011,55.9341
1012,55.5449
1013,55.5449
1014,55.8503
1015,55.9880
1016,55.8263
1017,55.7964
1018,55.9222
1019,56.0060
1020,56.1796
1021,56.3952
1022,56.6527
1023,56.8084
1024,57.0838
1025,57.3772
1026,57.5210
1027,57.7305
1028,58.0958
1029,58.4731
1030,58.8263
1031,59.0479
1032,59.6048
1033,60.1198
1034,60.3892
1035,60.7126
1036,61.4611
1037,61.8204
1038,62.5150
1039,62.9940
1040,63.4192
1041,63.7305
1042,64.2874
1043,64.5808
1044,65.0419
1045,65.3593
1046,66.5988
1047,66.5210
1048,66.8024
1049,67.1377
1050,67.4311
1051,67.6168
1052,67.6527
1053,67.9281
1054,68.2275
1055,68.5629
1056,68.7365
1057,68.5030
1058,68.6707
1059,68.5269
1060,68.4192
1061,68.4491
1062,68.0479
1063,67.9281
1064,67.7006
1065,67.6707
1066,67.3533
1067,67.0898
1068,66.7904
1069,66.3713
1070,66.0180
1071,65.4431
1072,65.0180
1073,64.7725
1074,63.9880
1075,63.5509
1076,63.1078
1077,62.5449
1078,61.7485
1079,61.4371
1080,60.6647
1081,59.8563
1082,59.4371
1083,58.4850
1084,57.7305
1085,57.3174
1086,56.5868
1087,55.7904
1088,55.1018
1089,54.4850
1090,53.7904
1091,53.1138
1092,51.9701
1093,50.7725
1094,49.8204
1095,48.7844
1096,48.2635
1097,47.3533
1098,46.4910
1099,45.6407
1100,44.9521
1101,44.1916
1102,43.4551
1103,42.7126
1104,41.9820
1105,41.6886
1106,41.1737
1107,40.4910
1108,39.8204
1109,39.3114
1110,39.1677
1111,38.4790
1112,38.0659
1113,37.7904
1114,37.4192
1115,37.1078
1116,36.9880
1117,36.7246
1118,36.4012
1119,36.2994
1120,36.4431
1121,35.8563
1122,35.3772
1123,35.2754
1124,35.2635
1125,35.4671
1126,35.0479
1127,35.1737
1128,35.1916
1129,35.1856
1130,35.3892
1131,35.3234
1132,35.0838
1133,35.1557
1134,35.3234
1135,35.7665
1136,35.7425
1137,35.6587
1138,36.0958
1139,36.1437
1140,36.0060
1141,36.6347
1142,36.9281
1143,37.1437
1144,37.7365
1145,37.7844
1146,38.0838
1147,38.5389
1148,38.6287
1149,39.3533
1150,39.6587
1151,39.8383
1152,40.3653
1153,40.9042
1154,41.8204
1155,42.4251
1156,43.0479
1157,43.3952
1158,44.3832
1159,45.1557
1160,45.8443
1161,46.9581
1162,47.7186
1163,48.6766
1164,49.5030
1165,50.3593
1166,51.0599
1167,51.9102
1168,52.7126
1169,53.7126
1170,54.4132
1171,54.8084
1172,55.5090
1173,56.4910
1174,57.0120
1175,57.7964
1176,58.5210
1177,59.2335
1178,59.6467
1179,60.2335
1180,61.0838
1181,61.6467
1182,62.2994
1183,62.6347
1184,63.2455
1185,63.8323
1186,64.5329
1187,64.9281
1188,65.2275
1189,65.7126
1190,66.2036
1191,66.4970
1192,66.8503
1193,67.2395
1194,67.2335
1195,67.7665
1196,68.1078
1197,68.2575
1198,68.1317
1199,68.2575
1200,68.2695
1201,68.5329
1202,68.5509
1203,68.2515
1204,68.2156
1205,68.1257
1206,68.0060
1207,67.8024
1208,67.5030
1209,67.2156
1210,67.0359
1211,66.6647
1212,66.3593
1213,65.7784
1214,65.5269
1215,64.5509
1216,64.4671
1217,64.3293
1218,63.8443
1219,63.4910
1220,63.0299
1221,62.5928
1222,62.6048
1223,61.9281
1224,61.6228
1225,61.4371
1226,60.9940
1227,60.4311
1228,60.1617
1229,59.7964
1230,59.4790
1231,59.2455
1232,58.5928
1233,58.3772
1234,58.2216
1235,57.9222
1236,57.4551
1237,57.2754
1238,57.4731
1239,56.9880
1240,56.7964
1241,56.9820
1242,56.7665
1243,56.4491
1244,56.5329
1245,56.5449
1246,56.4072
1247,56.3653
1248,56.3234
1249,56.6766
1250,56.6587
1251,56.7605
1252,56.7904
1253,56.9581
1254,57.2814
1255,57.3772
1256,57.6228
1257,57.5988
1258,57.8683
1259,58.3713
1260,58.7126
1261,59.1437
1262,59.4311
1263,59.5928
1264,60.1916
1265,60.4611
1266,60.9701
1267,61.3413
1268,61.6766
1269,62.2874
1270,62.7126
1271,62.9581
1272,63.3892
1273,63.9820
1274,64.2515
1275,64.5449
1276,65.5868
1277,65.4072
1278,65.8024
1279,66.3114
1280,66.9401
1281,67.3593
1282,67.6108
1283,68.2096
1284,68.5808
1285,68.6826
1286,68.8383
1287,69.2096
1288,68.9940
1289,69.1737
1290,69.2934
1291,69.3054
1292,69.3473
1293,69.2635
1294,68.8683
1295,68.8683
1296,68.5868
1297,68.4192
1298,68.1796
1299,67.7186
1300,67.4371
1301,67.2096
1302,66.6946
1303,66.2755
1304,65.8802
1305,65.4192
1306,64.9940
1307,64.4371
1308,63.7545
1309,62.9521
1310,62.6467
1311,61.9042
1312,61.5868
1313,61.0719
1314,60.2874
1315,59.8263
1316,58.8084
1317,58.2036
1318,57.5928
1319,57.0299
1320,56.2096
1321,55.5569
1322,54.7066
1323,53.9461
1324,53.2814
1325,52.5030
1326,51.6886
1327,50.1856
1328,49.6347
1329,48.7784
1330,47.7545
1331,46.9162
1332,46.1317
1333,45.0958
1334,44.7365
1335,43.7605
1336,43.1198
1337,42.3713
1338,42.0778
1339,41.1916
1340,40.8323
1341,40.4371
1342,39.8323
1343,39.3832
1344,38.9581
1345,38.7725
1346,38.2754
1347,37.7784
1348,37.6766
1349,37.3533
1350,36.9521
1351,36.9581
1352,36.5928
1353,36.2754
1354,36.2874
1355,36.1856
1356,36.1856
1357,36.0359
1358,35.9042
1359,36.1078
1360,36.0599
1361,35.5808
1362,35.7904
1363,35.7066
1364,35.2814
1365,35.2575
1366,35.7904
1367,35.1138
1368,35.3114
1369,35.7964
1370,35.4731
1371,35.3533
1372,35.6647
1373,36.0539
1374,35.9820
1375,35.8802
1376,36.5749
1377,37.1138
1378,37.2575
1379,37.1796
1380,38.2515
1381,38.8383
1382,39.0778
1383,39.2335
1384,39.6048
1385,40.4012
1386,40.6886
1387,41.0479
1388,41.5629
1389,42.0898
1390,42.5749
1391,43.4551
1392,44.4192
1393,44.9401
1394,45.5030
1395,46.8204
1396,47.9521
1397,48.7425
1398,49.7126
1399,50.4611
1400,51.3413
1401,51.9042
1402,52.6647
1403,53.7126
1404,54.2096
1405,54.5988
1406,55.3293
1407,56.1677
1408,56.7605
1409,57.3892
1410,58.1976
1411,58.6826
1412,59.5090
1413,60.0120
1414,60.8503
1415,61.1916
1416,61.6946
1417,62.3413
1418,62.9401
1419,63.4850
1420,64.1018
1421,64.6647
1422,65.1377
1423,65.7126
1424,65.9701
1425,66.5090
1426,66.8084
1427,67.1737
1428,67.6048
1429,67.8323
1430,68.0719
1431,68.2874
1432,68.7126
1433,68.9521
1434,68.9641
1435,69.0239
1436,69.0419
1437,68.9281
1438,68.9341
1439,68.8144
1440,68.4910
1441,68.3174
1442,68.1796
1443,68.0539
1444,67.7665
1445,67.4970
1446,66.9880
1447,66.6467
1448,66.2994
1449,66.0479
1450,65.6467
1451,65.3653
1452,64.8024
1453,64.3353
1454,63.9940
1455,63.6108
1456,63.4790
1457,63.0180
1458,62.5150
1459,62.0120
1460,61.5449
1461,61.0719
1462,60.7665
1463,60.5689
1464,60.4311
1465,59.6527
1466,59.3713
1467,58.9281
1468,58.6347
1469,58.3054
1470,57.9222
1471,57.5449
1472,57.7126
1473,57.2395
1474,57.0419
1475,57.0000
1476,56.9581
1477,56.5868
1478,56.8263
1479,56.7006
1480,56.3473
1481,56.4850
1482,56.3832
1483,56.2216
1484,56.2874
1485,56.6766
1486,56.5629
1487,56.9461
1488,56.9461
1489,56.8323
1490,57.2575
1491,57.5150
1492,57.7305
1493,57.9521
1494,58.1497
1495,58.3473
1496,58.5449
1497,59.1856
1498,59.5868
1499,59.8862
1500,60.2335
1501,60.6168
1502,60.9102
1503,61.6168
1504,61.9281
1505,62.2455
1506,62.6946
1507,63.1677
1508,63.4192
1509,63.8024
1510,64.4431
1511,64.9401
1512,65.2096
1513,65.5629
1514,66.1257
1515,66.5749
1516,66.8922
1517,67.0659
1518,67.5928
1519,67.8263
1520,68.1796
1521,68.6886
1522,68.6826
1523,68.6886
1524,69.2036
1525,69.1437
1526,69.2335
1527,69.2275
1528,69.2934
1529,69.5269
1530,69.1317
1531,69.1856
1532,69.0898
1533,68.7365
1534,68.4910
1535,68.1856
1536,67.9222
1537,67.4731
1538,67.1377
1539,66.8084
1540,66.2395
1541,65.6587
1542,65.3114
1543,64.5988
1544,64.1377
1545,63.8563
1546,63.0479
1547,62.5090
1548,61.6108
1549,61.2156
1550,60.5090
1551,59.9880
1552,59.4731
1553,58.5030
1554,57.7904
1555,56.9880
1556,56.3174
1557,55.7964
1558,55.0659
1559,54.2395
1560,53.2874
1561,52.9641
1562,51.9042
1563,50.9880
1564,50.1198
1565,48.8982
1566,47.9880
1567,46.8802
1568,46.2575
1569,45.8024
1570,45.0659
1571,44.1856
1572,43.3533
1573,42.8922
1574,42.3832
1575,41.8563
1576,40.9341
1577,40.4251
1578,40.0479
1579,39.8383
1580,39.2395
1581,38.5090
1582,38.5090
1583,38.0958
1584,37.6707
1585,37.2395
1586,36.6287
1587,36.3832
1588,36.5629
1589,36.3653
1590,35.9940
1591,35.7665
1592,35.2695
1593,35.1377
1594,35.4371
1595,35.0240
1596,34.9521
1597,35.1796
1598,35.1497
1599,34.7425
1600,34.8383
1601,34.8084
1602,34.6048
1603,35.0778
1604,34.8802
1605,34.9341
1606,35.0719
1607,35.1257
1608,35.1018
1609,35.3174
1610,35.5689
1611,35.7246
1612,35.9222
1613,36.2575
1614,36.4910
1615,36.8204
1616,37.2275
1617,37.6766
1618,37.8144
1619,38.0539
1620,38.6347
1621,38.8204
1622,39.1617
1623,40.0120
1624,40.2156
1625,40.9341
1626,41.5389
1627,42.1677
1628,42.2515
1629,43.2874
1630,44.0719
1631,44.7964
1632,45.3054
1633,46.5449
1634,46.9820
1635,47.8263
1636,48.6407
1637,49.8024
1638,50.5449
1639,51.1617
1640,52.4311
1641,53.1617
1642,53.4431
1643,53.9162
1644,54.7126
1645,55.7186
1646,56.4850
1647,56.9341
1648,57.5210
1649,58.4371
1650,59.1856
1651,59.6707
1652,60.3713
1653,60.9701
1654,61.7725
1655,62.2754
1656,62.8862
1657,63.4491
1658,64.1198
1659,64.6228
1660,64.9940
1661,65.2994
1662,65.9761
1663,66.4611
1664,66.9641
1665,67.4072
1666,67.8503
1667,68.1138
1668,68.4551
1669,68.2575
1670,68.9401
1671,68.9940
1672,68.9281
1673,69.2156
1674,69.5928
1675,69.5210
1676,69.2635
1677,69.2755
1678,69.4371
1679,69.0299
1680,68.8323
1681,68.9581
1682,68.4731
1683,68.0419
1684,67.6826
1685,67.5629
1686,67.2455
1687,66.7964
1688,66.3832
1689,65.9641
1690,65.7605
1691,65.0239
1692,64.8623
1693,64.2814
1694,63.5389
1695,63.3234
1696,62.9641
1697,62.3413
1698,61.8743
1699,61.7904
1700,61.5210
1701,60.9281
1702,60.3593
1703,59.9281
1704,59.4491
1705,59.0479
1706,58.7665
1707,58.5988
1708,58.4311
1709,58.0479
1710,57.8443
1711,57.1497
1712,56.9162
1713,56.8144
1714,56.8503
1715,56.8204
1716,56.6826
1717,56.2994
1718,56.1138
1719,56.3653
1720,56.3772
1721,56.1677
1722,56.0539
1723,56.2216
1724,56.3653
1725,56.4731
1726,56.5030
1727,56.6766
1728,56.9940
1729,57.2395
1730,57.1737
1731,57.5808
1732,58.0240
1733,58.2216
1734,58.5689
1735,58.6048
1736,58.8443
1737,59.7246
1738,59.7904
1739,60.1437
1740,60.8862
1741,61.0719
1742,61.7844
1743,62.2036
1744,62.7006
1745,63.0479
1746,63.6048
1747,63.8204
1748,64.4611
1749,65.1078
1750,65.5269
1751,65.8204
1752,66.3832
1753,66.7784
1754,67.1437
1755,67.8024
1756,68.0239
1757,68.5808
1758,68.8623
1759,69.0359
1760,69.2874
1761,69.7066
1762,69.9461
1763,70.0299
1764,70.3653
1765,70.5629
1766,70.7186
1767,70.8503
1768,70.5090
1769,70.5210
1770,70.1437
1771,70.4611
1772,70.0838
1773,69.7605
1774,69.2695
1775,69.1916
1776,68.8443
1777,68.2455
1778,67.7126
1779,67.2395
1780,67.0180
1781,66.5389
1782,66.0060
1783,65.7186
1784,64.9940
1785,64.4012
1786,63.8443
1787,62.8204
1788,62.5389
1789,61.7904
1790,61.0479
1791,60.4970
1792,60.0060
1793,59.1078
1794,58.5329
1795,57.9820
1796,57.2335
1797,56.4371
1798,55.7844
1799,55.0838
1800,54.4671
1801,53.7485
1802,53.0359
1803,51.9760
1804,50.5808
1805,49.9521
1806,48.8144
1807,47.9820
1808,47.0898
1809,46.4551
1810,45.5090
1811,44.9162
1812,44.3713
1813,43.6467
1814,42.8862
1815,42.5749
1816,41.9521
1817,41.1437
1818,40.5808
1819,39.7066
1820,39.3653
1821,38.7665
1822,38.7006
1823,38.4431
1824,38.1257
1825,37.8443
1826,37.2156
1827,36.5210
1828,36.7485
1829,36.3114
1830,36.4072
1831,36.1617
1832,35.8922
1833,35.5928
1834,35.7246
1835,35.5210
1836,35.2635
1837,35.3772
1838,35.2635
1839,35.4431
1840,35.3234
1841,35.2515
1842,35.2275
1843,35.3952
1844,35.4072
1845,35.4731
1846,35.2216
1847,35.3952
1848,35.5868
1849,35.6587
1850,35.7186
1851,35.9222
1852,35.8563
1853,36.3234
1854,36.4251
1855,36.5808
1856,36.8922
1857,37.1856
1858,37.5030
1859,37.7365
1860,38.0180
1861,38.8084
1862,39.0778
1863,39.4192
1864,39.8563
1865,40.4431
1866,41.1916
1867,41.4790
1868,42.0599
1869,43.0778
1870,42.8862
1871,44.1257
1872,44.8683
1873,45.6886
1874,46.9222
1875,47.5569
1876,48.4311
1877,49.0419
1878,50.1138
1879,51.0419
1880,51.7545
1881,52.7006
1882,53.4671
1883,54.1018
1884,54.6347
1885,55.6048
1886,56.1497
1887,56.7725
1888,57.5988
1889,58.2695
1890,58.7425
1891,59.6707
1892,60.3353
1893,60.9461
1894,61.7964
1895,62.6766
1896,63.0898
1897,63.8683
1898,64.4251
1899,65.3952
1900,65.8084
1901,66.3653
1902,66.9102
1903,67.4910
1904,67.8862
1905,68.2635
1906,68.7245
1907,69.0180
1908,69.4671
1909,69.8563
1910,70.0060
1911,70.4671
1912,70.6287
1913,70.8323
1914,70.6886
1915,70.9281
1916,70.8503
1917,71.0419
1918,70.9521
1919,70.7425
1920,70.8623
1921,70.4970
1922,70.1976
1923,69.9641
1924,69.7126
1925,69.7245
1926,69.3713
1927,68.9641
1928,68.5569
1929,68.0180
1930,67.6886
1931,67.3653
1932,66.9102
1933,66.4850
1934,65.9162
1935,65.4551
1936,65.0060
1937,64.8144
1938,64.0180
1939,63.8263
1940,63.4371
1941,62.8443
1942,62.3533
1943,62.0898
1944,61.6467
1945,61.1737
1946,60.9401
1947,60.5808
1948,59.8802
1949,59.7964
1950,59.4731
1951,59.1138
1952,58.8922
1953,58.4371
1954,58.1018
1955,58.1377
1956,57.8802
1957,57.6826
1958,57.3054
1959,57.2036
1960,57.2695
1961,57.2754
1962,57.1976
1963,57.1018
1964,57.0060
1965,56.8743
1966,56.9701
1967,57.0958
1968,57.5090
1969,57.4970
1970,57.8982
1971,58.0599
1972,58.1257
1973,58.3413
1974,58.5988
1975,58.8024
1976,59.3832
1977,59.4132
1978,59.8383
1979,60.4790
1980,60.4132
1981,60.9102
1982,61.4491
1983,61.6826
1984,62.2994
1985,62.6587
1986,63.3054
1987,63.7844
1988,64.1916
1989,64.3952
1990,65.1677
1991,65.6946
1992,66.1257
1993,66.6886
1994,67.2216
1995,67.7245
1996,68.1796
1997,68.5868
1998,69.0599
1999,69.6287
2000,70.0838
2001,70.3653
2002,70.5329
2003,71.1317
2004,71.3832
2005,71.5988
2006,71.6766
2007,71.7665
2008,72.0778
2009,71.9162
2010,71.6467
2011,71.8383
2012,71.5988
2013,71.8204
2014,71.4910
2015,71.2036
2016,71.0838
2017,70.8982
2018,70.6048
2019,70.1617
2020,69.6228
2021,69.1078
2022,68.7305
2023,68.4251
2024,67.6467
2025,67.2156
2026,66.4671
2027,65.9820
2028,65.2695
2029,64.8922
2030,64.0599
2031,63.4671
2032,63.0479
2033,62.3293
2034,61.6886
2035,60.8862
2036,59.8862
2037,59.5868
2038,58.8204
2039,58.0120
2040,57.2515
2041,56.5689
2042,55.5808
2043,54.4192
2044,53.8144
2045,53.0359
2046,52.1796
2047,51.3054
2048,49.9701
2049,49.2575
2050,48.4072
2051,47.2216
2052,46.8383
2053,46.0479
2054,44.8922
2055,44.1437
2056,43.3114
2057,42.8263
2058,42.3533
2059,41.3952
2060,41.1916
2061,41.1078
2062,40.0419
2063,39.4790
2064,38.9281
2065,38.6407
2066,38.2695
2067,38.0958
2068,37.6707
2069,37.5509
2070,36.9940
2071,36.8563
2072,36.6228
2073,36.2156
2074,35.9940
2075,36.0359
2076,35.7066
2077,35.5329
2078,35.3952
2079,35.4371
2080,35.3952
2081,35.6527
2082,35.0719
2083,35.1138
2084,35.3952
2085,35.1257
2086,34.9880
2087,35.0838
2088,34.9820
2089,35.1437
2090,35.1677
2091,35.2874
2092,35.5749
2093,35.5569
2094,35.6108
2095,35.7305
2096,35.8443
2097,36.0419
2098,36.2335
2099,36.6766
2100,36.8144
2101,37.1976
2102,37.3174
2103,37.5928
2104,38.0958
2105,38.3713
2106,38.7365
2107,38.8802
2108,39.4970
2109,40.1377
2110,40.5988
2111,41.1497
2112,41.6407
2113,42.3832
2114,42.9042
2115,43.7186
2116,44.3413
2117,45.1018
2118,45.5150
2119,46.2515
2120,47.0060
2121,47.8443
2122,49.1317
2123,49.4132
2124,50.6766
2125,51.9042
2126,52.9401
2127,53.5150
2128,54.5749
2129,55.7066
2130,56.2635
2131,56.9641
2132,57.9880
2133,58.4311
2134,59.2275
2135,59.6527
2136,60.7066
2137,61.2814
2138,62.1557
2139,62.7246
2140,63.4192
2141,63.9940
2142,64.7725
2143,65.3653
2144,66.1677
2145,66.6826
2146,67.2994
2147,67.7006
2148,68.4072
2149,68.8443
2150,69.2275
2151,69.5449
2152,70.3114
2153,70.7425
2154,71.0719
2155,71.1257
2156,71.4970
2157,71.8204
2158,71.9461
2159,71.6946
2160,71.9461
2161,71.8623
2162,71.9281
2163,71.9581
2164,71.6826
2165,71.7186
2166,71.6228
2167,71.4311
2168,70.8144
2169,70.6108
2170,70.4132
2171,70.0479
2172,69.6168
2173,69.2156
2174,68.8204
2175,68.3413
2176,67.7725
2177,67.4311
2178,66.9162
2179,66.4491
2180,65.9461
2181,65.4431
2182,65.0180
2183,64.6886
2184,64.1078
2185,63.6886
2186,63.3293
2187,62.6048
2188,62.0719
2189,61.5629
2190,61.2156
2191,61.0359
2192,60.4551
2193,60.2455
2194,59.8683
2195,59.4311
2196,59.0240
2197,58.9341
2198,58.4431
2199,58.3473
2200,58.0539
2201,57.7006
2202,57.7066
2203,57.1916
2204,57.2515
2205,57.2395
2206,57.2156
2207,57.1677
2208,57.1198
2209,57.1377
2210,57.2515
2211,56.9222
2212,57.2156
2213,57.3772
2214,57.6168
2215,57.8443
2216,57.7365
2217,57.9461
2218,58.1737
2219,58.3413
2220,58.8683
2221,59.1138
2222,59.5569
2223,59.9880
2224,60.2515
2225,60.5749
2226,60.9042
2227,61.0719
2228,61.7066
2229,62.1617
2230,62.6467
2231,63.2635
2232,63.8623
2233,64.0659
2234,64.4910
2235,64.7665
2236,65.6527
2237,66.1437
2238,66.7365
2239,66.9880
2240,67.6467
2241,67.8323
2242,68.4910
2243,68.9401
2244,69.4132
2245,69.9761
2246,70.1796
2247,70.6228
2248,71.0060
2249,71.4311
2250,71.7066
2251,71.9341
2252,71.9461
2253,72.4431
2254,72.5928
2255,72.8563
2256,72.6048
2257,72.6108
2258,72.7784
2259,72.5629
2260,72.4731
2261,72.4192
2262,72.4072
2263,71.7245
2264,71.7006
2265,71.5629
2266,71.1796
2267,70.9761
2268,70.1677
2269,69.6347
2270,68.9581
2271,68.5389
2272,67.9341
2273,67.5449
2274,66.8743
2275,66.3473
2276,65.5269
2277,64.8922
2278,63.9940
2279,63.5389
2280,62.8503
2281,62.3234
2282,61.6048
2283,60.6287
2284,59.9401
2285,59.1677
2286,58.5509
2287,57.5389
2288,57.0240
2289,56.3054
2290,55.3772
2291,54.5150
2292,53.6228
2293,52.2994
2294,51.3892
2295,50.2096
2296,49.4192
2297,48.3234
2298,47.7784
2299,46.5749
2300,46.1737
2301,45.2515
2302,44.5269
2303,43.9521
2304,43.3772
2305,42.5150
2306,41.7545
2307,41.2096
2308,40.8683
2309,40.2635
2310,39.8922
2311,39.8323
2312,39.3413
2313,38.8563
2314,37.9760
2315,37.7006
2316,37.3892
2317,37.1138
2318,37.1138
2319,36.9042
2320,36.4251
2321,36.1078
2322,35.8503
2323,35.6946
2324,35.4012
2325,35.5389
2326,35.1138
2327,34.8743
2328,35.1856
2329,34.7126
2330,34.7305
2331,34.9521
2332,34.7246
2333,34.6048
2334,34.4850
2335,35.0180
2336,34.8623
2337,34.7904
2338,34.9102
2339,35.0958
2340,35.2934
2341,35.2754
2342,35.6886
2343,35.8683
2344,35.7246
2345,36.0240
2346,36.1796
2347,36.2275
2348,36.8922
2349,36.9341
2350,37.4192
2351,37.5629
2352,38.2635
2353,38.4371
2354,39.0419
2355,39.1976
2356,39.7485
2357,40.2335
2358,40.5808
2359,41.2754
2360,41.9042
2361,42.2335
2362,42.8323
2363,43.6407
2364,44.4671
2365,45.0120
2366,45.9162
2367,46.5808
2368,47.5988
2369,48.4731
2370,49.2156
2371,50.3114
2372,51.3413
2373,52.2994
2374,53.6826
2375,54.4072
2376,55.0599
2377,55.7844
2378,56.7126
2379,57.2994
2380,58.2635
2381,58.8982
2382,59.5569
2383,60.1677
2384,61.0479
2385,61.6407
2386,62.5449
2387,63.4192
2388,64.0898
2389,64.8563
2390,65.2814
2391,66.2575
2392,66.8204
2393,67.5090
2394,68.2874
2395,68.5689
2396,69.3952
2397,69.9042
2398,70.7126
2399,71.1078
2400,71.4850
2401,71.7186
2402,72.0898
2403,72.5030
2404,72.9461
2405,73.0000
2406,73.2755
2407,73.6287
2408,73.6287
2409,73.8922
2410,73.8683
2411,73.9042
2412,73.6287
2413,73.9042
2414,73.5449
2415,73.3054
2416,73.2395
2417,72.8144
2418,72.4371
2419,72.3293
2420,71.9162
2421,71.4611
2422,71.0778
2423,70.4072
2424,70.1976
2425,69.5629
2426,68.8443
2427,68.5090
2428,67.8743
2429,67.2455
2430,66.9341
2431,66.3473
2432,65.9401
2433,65.6168
2434,64.9701
2435,64.3533
2436,63.8024
2437,63.4132
2438,63.0719
2439,62.4731
2440,62.1257
2441,61.8862
2442,61.3832
2443,60.8263
2444,60.6647
2445,60.2395
2446,60.0838
2447,59.3892
2448,59.5329
2449,59.0719
2450,58.8503
2451,58.6707
2452,58.5329
2453,58.1497
2454,58.2695
2455,58.3952
2456,58.1198
2457,58.0299
2458,57.9820
2459,57.9281
2460,58.1018
2461,58.2575
2462,58.0299
2463,58.0359
2464,58.4671
2465,58.5629
2466,58.7545
2467,58.8623
2468,59.2036
2469,59.1437
2470,59.5629
2471,59.9581
2472,60.2934
2473,60.5269
2474,60.8084
2475,61.1497
2476,61.8503
2477,62.2036
2478,62.5988
2479,62.9880
2480,63.7066
2481,64.0120
2482,64.6826
2483,64.8563
2484,65.6228
2485,66.0659
2486,66.7066
2487,67.2934
2488,67.8323
2489,68.2515
2490,68.5569
2491,69.3413
2492,69.8084
2493,70.4072
2494,70.8563
2495,71.2395
2496,71.7186
2497,72.1078
2498,72.2335
2499,72.7665
2500,73.1198
2501,73.0180
2502,73.3054
2503,73.8503
2504,74.0060
2505,73.9042
2506,74.0479
2507,74.0958
2508,74.1557
2509,74.2036
2510,73.8204
2511,73.6707
2512,73.4611
2513,73.5389
2514,73.2755
2515,72.6647
2516,72.5569
2517,72.0778
2518,71.5269
2519,71.0599
2520,70.3353
2521,69.9401
2522,69.3892
2523,68.7245
2524,68.2695
2525,67.4491
2526,66.7305
2527,66.0838
2528,65.4491
2529,64.9222
2530,64.2036
2531,63.5629
2532,62.7725
2533,62.0060
2534,61.4132
2535,60.6707
2536,59.9401
2537,58.8683
2538,58.3114
2539,57.3892
2540,56.4192
2541,56.0719
2542,54.8563
2543,53.8862
2544,52.7425
2545,51.7006
2546,50.8383
2547,49.9760
2548,48.7784
2549,47.9581
2550,46.9341
2551,46.3473
2552,45.4072
2553,44.6886
2554,44.2695
2555,43.5389
2556,42.9401
2557,42.0479
2558,41.7605
2559,40.9701
2560,40.6287
2561,40.0719
2562,39.6886
2563,39.1138
2564,39.1078
2565,38.0958
2566,37.8144
2567,37.6766
2568,37.3772
2569,37.2814
2570,36.7964
2571,36.6766
2572,36.2275
2573,35.9102
2574,35.8623
2575,35.4611
2576,35.5090
2577,35.2814
2578,35.2335
2579,34.9641
2580,34.9222
2581,34.7425
2582,34.8503
2583,34.5928
2584,34.6647
2585,34.6826
2586,34.6048
2587,34.5629
2588,34.5928
2589,34.7485
2590,34.9042
2591,34.8443
2592,35.1377
2593,34.9760
2594,35.5210
2595,35.2994
2596,35.4192
2597,35.8263
2598,35.9222
2599,35.9880
2600,36.6527
2601,36.7605
2602,37.1198
2603,37.5509
2604,37.6766
2605,38.1198
2606,38.7725
2607,38.8563
2608,39.2335
2609,39.7545
2610,40.2994
2611,40.5030
2612,41.2156
2613,41.6766
2614,42.5210
2615,43.1856
2616,43.8862
2617,44.1198
2618,45.2156
2619,45.7066
2620,46.7186
2621,47.4551
2622,48.3533
2623,49.1437
2624,50.2994
2625,51.4431
2626,52.3952
2627,53.0958
2628,54.4132
2629,55.4611
2630,56.2395
2631,56.9581
2632,58.1018
2633,58.8204
2634,59.5269
2635,60.3473
2636,61.3713
2637,62.0539
2638,62.7246
2639,63.4551
2640,64.1557
2641,64.8862
2642,66.1916
2643,66.5689
2644,67.1856
2645,67.9521
2646,68.3593
2647,69.1557
2648,69.9820
2649,70.4311
2650,70.8024
2651,71.2814
2652,71.8862
2653,72.3593
2654,73.0719
2655,73.4371
2656,73.5868
2657,74.2695
2658,74.1198
2659,74.6168
2660,74.6407
2661,74.8503
2662,74.6527
2663,74.5808
2664,74.7605
2665,74.6467
2666,74.7904
2667,74.5150
2668,74.3054
2669,74.0060
2670,73.8503
2671,73.5689
2672,73.0778
2673,72.5150
2674,72.3952
2675,71.6168
2676,71.4311
2677,71.1916
2678,70.2635
2679,69.6707
2680,69.5808
2681,68.7844
2682,68.4611
2683,67.9401
2684,67.5269
2685,66.8263
2686,66.2695
2687,65.9641
2688,65.4132
2689,64.7126
2690,64.1856
2691,63.9461
2692,63.3234
2693,62.9581
2694,62.8024
2695,62.2455
2696,61.6467
2697,61.0898
2698,60.8084
2699,60.7725
2700,60.6108
2701,60.0659
2702,59.9281
2703,59.7186
2704,59.3293
2705,59.0180
2706,58.9521
2707,58.5749
2708,58.5389
2709,58.3054
2710,58.3593
2711,58.3653
2712,58.4671
2713,58.5329
2714,58.4551
2715,58.3293
2716,58.5449
2717,58.5928
2718,58.7365
2719,58.5090
2720,58.8982
2721,59.0599
2722,59.5868
2723,59.6467
2724,59.9222
2725,60.6048
2726,60.7485
2727,61.2275
2728,61.5509
2729,61.8443
2730,61.9940
2731,62.3593
2732,62.6946
2733,63.2216
2734,63.8922
2735,64.3713
2736,64.8503
2737,65.4731
2738,66.1737
2739,66.6707
2740,67.4251
2741,67.9461
2742,68.3653
2743,68.7006
2744,69.2515
2745,69.7066
2746,69.9701
2747,70.2994
2748,70.8862
2749,71.2934
2750,71.7665
2751,71.9222
2752,72.6287
2753,72.9820
2754,73.6168
2755,73.5808
2756,74.0359
2757,74.4491
2758,74.6287
2759,74.9461
2760,75.1916
2761,75.0659
2762,75.1916
2763,75.0060
2764,74.9761
2765,74.8024
2766,74.7545
2767,74.3832
2768,74.1317
2769,73.5329
2770,73.2695
2771,72.8623
2772,72.1976
2773,72.0000
2774,71.4731
2775,71.1078
2776,70.3892
2777,69.4850
2778,68.9401
2779,68.2395
2780,67.6347
2781,66.7245
2782,66.2994
2783,65.3713
2784,64.6647
2785,63.8443
2786,63.0240
2787,62.4910
2788,61.8084
2789,60.9461
2790,60.2275
2791,59.6048
2792,58.7365
2793,57.7365
2794,56.9042
2795,55.8802
2796,55.1796
2797,54.2814
2798,53.2695
2799,52.1078
2800,51.0359
2801,50.0719
2802,48.6168
2803,47.8862
2804,47.4371
2805,46.4910
2806,45.8743
2807,44.6707
2808,44.1796
2809,43.5689
2810,42.9880
2811,41.7605
2812,41.1257
2813,40.8144
2814,40.0299
2815,39.9701
2816,39.5269
2817,38.9521
2818,38.4311
2819,37.9162
2820,37.6108
2821,37.3952
2822,37.3174
2823,37.0539
2824,36.6826
2825,36.3593
2826,36.2455
2827,36.1078
2828,36.3952
2829,35.7725
2830,35.4491
2831,35.3234
2832,35.7605
2833,35.5988
2834,35.5090
2835,35.2036
2836,35.0000
2837,34.9102
2838,34.8982
2839,34.3234
2840,34.3473
2841,34.6108
2842,34.4192
2843,34.0838
2844,33.9641
2845,33.6826
2846,33.9461
2847,34.1677
2848,34.6946
2849,34.8263
2850,34.9162
2851,34.8443
2852,35.1796
2853,35.3293
2854,35.9701
2855,36.1796
2856,36.4731
2857,37.0659
2858,37.2635
2859,37.1198
2860,37.4371
2861,37.4311
2862,37.7425
2863,37.7904
2864,38.3054
2865,39.1198
2866,39.3892
2867,39.9341
2868,40.8802
2869,41.4192
2870,42.1737
2871,42.4671
2872,43.4072
2873,43.9042
2874,44.4012
2875,45.1677
2876,45.8323
2877,46.2814
2878,47.4311
2879,48.4251
2880,49.1257
2881,49.9641
2882,50.9281
2883,52.2395
2884,53.3593
2885,54.4012
2886,54.8323
2887,55.8802
2888,57.2036
2889,58.0240
2890,59.0180
2891,59.6168
2892,60.5449
2893,60.9701
2894,62.1796
2895,63.0359
2896,63.6467
2897,64.3293
2898,65.2575
2899,65.9222
2900,66.3892
2901,67.0299
2902,67.8802
2903,68.6108
2904,69.1497
2905,70.0539
2906,70.6168
2907,71.2216
2908,71.8383
2909,72.2395
2910,72.6946
2911,73.2755
2912,73.7964
2913,73.9641
2914,74.4431
2915,74.7784
2916,74.7784
2917,75.0299
2918,75.2455
2919,75.2335
2920,75.4251
2921,75.5808
2922,75.6766
2923,75.4431
2924,75.2755
2925,75.0419
2926,74.6228
2927,74.8024
2928,74.2575
2929,73.9461
2930,73.5868
2931,73.2874
2932,72.7425
2933,72.3413
2934,71.8084
2935,71.4850
2936,70.7784
2937,70.3713
2938,70.1617
2939,69.1976
2940,68.6946
2941,68.2575
2942,67.4431
2943,67.1018
2944,66.6527
2945,66.0180
2946,65.6647
2947,64.8084
2948,65.8862
2949,64.0120
2950,63.6707
2951,63.0000
2952,62.7126
2953,61.9940
2954,61.7964
2955,61.3832
2956,61.4970
2957,60.9521
2958,60.2695
2959,60.3114
2960,60.0240
2961,59.6886
2962,59.3174
2963,58.8503
2964,58.9281
2965,58.7725
2966,58.7006
2967,58.6048
2968,58.4970
2969,58.0299
2970,58.1377
2971,58.1617
2972,58.4611
2973,58.2695
2974,58.3832
2975,58.4431
2976,58.8922
2977,58.7784
2978,58.9581
2979,59.0958
2980,59.1557
2981,59.5210
2982,59.8204
2983,60.5210
2984,60.5389
2985,60.5988
2986,61.1557
2987,61.5509
2988,62.0659
2989,62.3892
2990,62.7246
2991,63.3832
2992,63.7545
2993,64.2755
2994,64.7485
2995,65.1317
2996,65.6946
2997,66.2395
2998,67.1737
2999,67.7784
3000,68.1198
3001,68.4072
3002,68.8563
3003,69.2156
3004,70.1018
3005,71.3413
3006,71.1317
3007,71.7665
3008,72.0838
3009,72.7784
3010,72.9521
3011,73.4251
3012,73.3772
3013,73.7784
3014,74.2874
3015,74.4970
3016,74.7784
3017,75.0359
3018,75.3533
3019,75.4192
3020,75.3832
3021,75.4132
3022,75.2335
3023,75.0180
3024,74.9940
3025,74.7545
3026,74.6527
3027,74.3653
3028,74.0299
3029,73.7605
3030,73.4491
3031,72.8623
3032,72.3353
3033,71.8323
3034,71.1257
3035,70.5808
3036,70.1257
3037,69.5808
3038,68.9341
3039,68.3713
3040,67.8383
3041,67.2455
3042,66.3832
3043,65.8383
3044,65.2216
3045,64.1138
3046,63.3593
3047,62.4012
3048,61.8802
3049,61.2754
3050,60.7545
3051,59.8922
3052,59.0000
3053,57.8683
3054,57.1557
3055,56.2814
3056,55.9102
3057,55.1257
3058,53.7305
3059,52.5928
3060,52.1856
3061,51.1317
3062,49.9341
3063,48.7246
3064,47.8024
3065,46.8743
3066,46.2994
3067,45.5808
3068,44.2036
3069,43.3772
3070,43.1257
3071,42.7485
3072,41.7904
3073,41.1257
3074,40.9521
3075,40.4731
3076,39.7305
3077,39.6048
3078,38.8623
3079,38.7066
3080,38.0838
3081,38.1377
3082,37.5150
3083,37.0838
3084,37.2934
3085,36.9461
3086,36.1018
3087,36.1377
3088,36.1796
3089,35.3353
3090,35.5030
3091,35.2275
3092,34.9281
3093,34.8323
3094,34.6347
3095,34.5569
3096,34.6347
3097,34.3293
3098,34.1497
3099,34.2934
3100,34.0659
3101,34.1497
3102,34.2216
3103,34.1317
3104,34.0599
3105,34.1377
3106,34.0479
3107,33.9281
3108,34.2515
3109,34.3533
3110,34.5988
3111,34.9102
3112,34.9461
3113,34.6826
3114,34.8443
3115,35.4132
3116,35.6347
3117,35.5210
3118,35.9341
3119,36.1257
3120,36.6587