Distance_(pixels),Gray_Value
0,9.8137
1,9.7108
2,9.6275
3,9.7108
4,9.7549
5,9.6471
6,9.6275
7,9.7353
8,9.7010
9,9.6814
10,9.7353
11,9.7010
12,9.7500
13,9.7598
14,9.8186
15,9.8431
16,9.8431
17,9.8039
18,9.8922
19,9.7794
20,9.9461
21,9.8824
22,9.8971
23,9.8431
24,10.0049
25,9.9951
26,10.0490
27,10.0686
28,10.1324
29,10.0490
30,10.1863
31,10.2206
32,10.2402
33,10.3627
34,10.3480
35,10.4216
36,10.5980
37,10.5392
38,10.6127
39,10.7402
40,10.7451
41,10.8529
42,11.0539
43,10.8431
44,11.2402
45,11.2059
46,11.2353
47,11.3480
48,11.5784
49,11.6520
50,11.8578
51,11.9853
52,12.1127
53,12.3039
54,12.5294
55,12.7304
56,12.7745
57,13.1029
58,13.3824
59,13.5490
60,13.6471
61,13.9314
62,14.2010
63,14.5686
64,14.8922
65,15.2892
66,15.3627
67,15.7941
68,16.1422
69,16.8578
70,17.0294
71,17.2892
72,17.9804
73,18.4314
74,19.0833
75,19.4755
76,20.0539
77,20.6176
78,21.3676
79,22.0196
80,22.8088
81,23.5147
82,24.2353
83,25.1422
84,26.1373
85,26.8824
86,28.1765
87,29.2206
88,30.6029
89,31.9265
90,33.2598
91,35.0245
92,36.3382
93,38.2059
94,39.8333
95,41.1422
96,42.4412
97,43.8922
98,45.3873
99,46.1863
100,47.5245
101,48.6569
102,50.0049
103,51.1765
104,52.0735
105,53.6275
106,54.7598
107,55.9902
108,57.1275
109,58.2157
110,59.2843
111,60.2745
112,61.3971
113,62.4118
114,63.6275
115,64.4510
116,65.4363
117,66.0735
118,66.8873
119,67.3529
120,67.9706
121,68.1422
122,68.3578
123,68.7353
124,68.8186
125,68.5196
126,68.2843
127,67.8382
128,67.6667
129,67.0784
130,66.2304
131,65.7304
132,64.6226
133,63.8284
134,62.7451
135,61.7843
136,60.7598
137,59.8873
138,58.8088
139,57.8775
140,56.5098
141,55.6569
142,54.5000
143,53.1765
144,52.0245
145,50.8284
146,49.3284
147,47.8088
148,45.8824
149,43.7500
150,41.7451
151,39.9314
152,38.2402
153,36.1373
154,34.9020
155,33.2304
156,32.0000
157,30.5833
158,29.6569
159,28.4510
160,27.5343
161,26.2353
162,25.3529
163,24.5980
164,23.8186
165,23.1961
166,22.5588
167,21.7549
168,21.0931
169,20.5637
170,19.7500
171,19.4118
172,18.9314
173,18.6422
174,17.9853
175,17.4657
176,17.1275
177,16.8775
178,16.4363
179,15.9314
180,15.6618
181,15.1814
182,15.1520
183,14.7402
184,14.5000
185,14.2206
186,13.9657
187,13.7941
188,13.5686
189,13.2745
190,13.0196
191,12.8088
192,12.5931
193,12.4020
194,12.3186
195,12.0735
196,11.8578
197,11.7255
198,11.7157
199,11.5196
200,11.4167
201,11.2794
202,11.0637
203,11.0637
204,10.9755
205,10.7549
206,10.7206
207,10.5441
208,10.5539
209,10.4069
210,10.4608
211,10.2108
212,10.2451
213,10.1324
214,10.0294
215,10.1814
216,10.1176
217,10.0392
218,9.9363
219,10.0392
220,9.9853
221,10.0294
222,9.9902
223,9.9853
224,9.9902
225,9.8431
226,9.8284
227,9.9559
228,9.9412
229,10.0588
230,9.9069
231,10.0833
232,9.9216
233,9.9118
234,9.8529
235,9.8676
236,9.9608
237,10.0245
238,9.9265
239,9.9951
240,10.0196
241,10.1029
242,10.0392
243,10.0735
244,10.1275
245,10.1765
246,10.1765
247,10.2745
248,10.3186
249,10.2696
250,10.2549
251,10.4755
252,10.3725
253,10.6373
254,10.6471
255,10.7206
256,10.6961
257,10.6961
258,10.8627
259,10.9314
260,10.9510
261,11.0294
262,11.1667
263,11.3676
264,11.4118
265,11.5392
266,11.5980
267,11.7108
268,11.8676
269,11.8824
270,12.0784
271,12.3333
272,12.4755
273,12.5147
274,12.7990
275,12.9559
276,13.0588
277,13.2255
278,13.4706
279,13.7941
280,13.8382
281,14.2696
282,14.5441
283,14.7500
284,15.0686
285,15.4510
286,15.8186
287,16.2598
288,16.6814
289,16.9265
290,17.4216
291,17.8137
292,18.3529
293,19.0294
294,19.5000
295,19.8039
296,20.5931
297,21.2941
298,21.8088
299,22.6324
300,23.3824
301,24.0735
302,24.7745
303,25.8137
304,26.6324
305,27.8431
306,28.8922
307,30.1324
308,31.4412
309,32.6961
310,33.8775
311,35.5245
312,37.2696
313,38.9461
314,40.7647
315,41.7059
316,43.0980
317,44.4706
318,45.8382
319,46.9902
320,48.0245
321,49.2206
322,50.5539
323,51.7598
324,52.9314
325,54.2353
326,55.6961
327,56.6569
328,57.8725
329,59.1422
330,60.4265
331,61.7353
332,62.8578
333,63.8039
334,64.9069
335,66.0931
336,66.8137
337,67.7696
338,68.6127
339,69.3922
340,69.9216
341,70.5490
342,70.7108
343,71.0343
344,71.1324
345,71.2990
346,70.9951
347,70.4020
348,70.3971
349,69.7157
350,68.8480
351,68.0784
352,67.1029
353,66.1078
354,65.1373
355,64.3137
356,63.2696
357,62.0490
358,60.7598
359,59.8088
360,58.4657
361,57.4804
362,56.6422
363,55.2500
364,54.0784
365,52.9265
366,51.9069
367,50.5098
368,48.9706
369,47.6471
370,45.8284
371,43.7941
372,41.5539
373,40.0245
374,38.1912
375,36.5147
376,34.8824
377,33.4069
378,32.0539
379,30.5980
380,29.6814
381,28.6667
382,27.5294
383,26.6814
384,25.7157
385,24.4461
386,24.1569
387,23.4902
388,22.6765
389,21.9118
390,21.3480
391,20.7059
392,20.4461
393,19.7843
394,19.2206
395,18.7157
396,18.2451
397,17.7500
398,17.3873
399,17.0980
400,16.7990
401,16.3627
402,15.8824
403,15.6225
404,15.3284
405,15.0049
406,14.8627
407,14.6569
408,14.2157
409,13.9657
410,13.8382
411,13.6029
412,13.2990
413,13.2255
414,12.9461
415,12.6618
416,12.5882
417,12.4118
418,12.3235
419,12.0686
420,11.9559
421,11.8431
422,11.7157
423,11.5098
424,11.4706
425,11.4559
426,11.1716
427,11.0049
428,11.0539
429,11.0343
430,10.9314
431,10.9069
432,10.7206
433,10.7745
434,10.6029
435,10.6029
436,10.5931
437,10.3382
438,10.3873
439,10.2157
440,10.3873
441,10.3382
442,10.3627
443,10.2059
444,10.1961
445,10.1765
446,10.3039
447,10.0931
448,10.1863
449,10.1765
450,10.1569
451,10.0784
452,10.1078
453,10.0980
454,10.1225
455,10.1471
456,10.1422
457,10.1373
458,10.1814
459,10.0735
460,10.1520
461,10.1618
462,10.1814
463,10.2059
464,10.2941
465,10.1961
466,10.3578
467,10.2255
468,10.4265
469,10.3824
470,10.5294
471,10.5000
472,10.5490
473,10.5490
474,10.6422
475,10.6716
476,10.7010
477,10.7451
478,10.9363
479,10.8922
480,11.0196
481,11.1275
482,11.1765
483,11.2941
484,11.5294
485,11.3922
486,11.6029
487,11.7059
488,11.6324
489,11.9216
490,12.0441
491,12.0833
492,12.2794
493,12.5294
494,12.7647
495,12.8039
496,13.0833
497,13.1471
498,13.3627
499,13.6765
500,13.8824
501,14.0196
502,14.3529
503,14.4755
504,14.9216
505,15.1667
506,15.5000
507,15.8725
508,16.0147
509,16.3333
510,16.9020
511,17.3284
512,17.8186
513,18.1961
514,18.6765
515,19.0735
516,19.7157
517,20.4461
518,20.8039
519,21.4755
520,22.1373
521,22.7304
522,23.4069
523,24.2059
524,25.1373
525,26.0931
526,26.9461
527,27.9804
528,29.0686
529,30.4902
530,31.6373
531,32.8333
532,34.3627
533,36.0539
534,37.8922
535,39.7500
536,40.9608
537,42.1912
538,43.9020
539,44.9020
540,46.0049
541,47.3922
542,48.7206
543,49.8578
544,51.3039
545,52.5588
546,54.0049
547,55.3578
548,56.3725
549,57.6324
550,59.1422
551,60.5588
552,61.8284
553,63.1716
554,64.3824
555,65.6863
556,66.8088
557,68.3824
558,69.3627
559,70.3873
560,71.3088
561,72.0196
562,72.8774
563,73.5000
564,74.2402
565,74.7059
566,75.0294
567,75.0686
568,75.0735
569,74.7108
570,74.2598
571,73.8922
572,73.1226
573,72.4167
574,71.5343
575,70.7647
576,69.8529
577,68.8284
578,67.7990
579,66.5000
580,65.4559
581,64.1618
582,62.9706
583,61.6765
584,60.5049
585,59.2157
586,58.2451
587,57.0980
588,56.0588
589,54.6569
590,53.3333
591,52.1912
592,50.5441
593,49.4118
594,47.8137
595,46.0980
596,44.4265
597,42.6176
598,40.9167
599,39.2500
600,37.4755
601,35.9559
602,34.6324
603,33.3039
604,32.0392
605,30.8922
606,29.2892
607,28.4216
608,27.7598
609,27.0784
610,26.3480
611,25.4559
612,24.4951
613,23.8137
614,22.9902
615,22.3873
616,21.9510
617,21.3775
618,20.6471
619,19.9951
620,19.6863
621,19.2451
622,18.8088
623,18.4853
624,18.1667
625,17.4608
626,17.3137
627,17.0245
628,16.6765
629,16.3824
630,15.9804
631,15.7647
632,15.3186
633,15.2794
634,14.8627
635,14.7157
636,14.5049
637,14.2892
638,14.0588
639,13.8676
640,13.5686
641,13.4951
642,13.2206
643,13.0392
644,12.9951
645,12.9020
646,12.6225
647,12.6569
648,12.4755
649,12.1716
650,12.1912
651,12.0343
652,12.0294
653,11.8725
654,11.8088
655,11.6520
656,11.6667
657,11.5588
658,11.5294
659,11.3922
660,11.3333
661,11.2647
662,11.2990
663,11.2598
664,11.1127
665,11.0539
666,11.1520
667,11.0882
668,11.0637
669,10.8578
670,10.8186
671,10.8137
672,10.7353
673,10.8235
674,10.7549
675,10.7108
676,10.6471
677,10.7010
678,10.7500
679,10.7157
680,10.7745
681,10.8480
682,10.7059
683,10.6716
684,10.7500
685,10.7451
686,10.8824
687,10.7794
688,10.7696
689,10.7843
690,10.8922
691,10.7843
692,10.7549
693,10.8873
694,10.7941
695,10.9216
696,10.9363
697,11.0196
698,11.0686
699,11.1324
700,11.2353
701,11.2647
702,11.3480
703,11.3922
704,11.3873
705,11.6029
706,11.7206
707,11.7402
708,11.9804
709,11.7696
710,12.0490
711,12.1863
712,12.2255
713,12.3382
714,12.4167
715,12.5196
716,12.7941
717,12.9510
718,13.0343
719,13.2598
720,13.6275
721,13.4657
722,13.8137
723,13.9314
724,14.0833
725,14.2794
726,14.5882
727,14.7794
728,15.0490
729,15.2598
730,15.5735
731,16.0098
732,16.1912
733,16.5441
734,16.9314
735,17.3627
736,17.7794
737,18.2794
738,18.6225
739,19.1863
740,19.6324
741,20.1373
742,20.6716
743,21.3480
744,21.7892
745,22.5882
746,23.3529
747,24.0147
748,24.8824
749,25.5098
750,26.5784
751,27.4559
752,28.2794
753,29.3824
754,30.8088
755,31.8578
756,33.1912
757,34.6225
758,36.1078
759,37.3971
760,39.3529
761,41.0098
762,42.4363
763,43.6422
764,45.1716
765,46.3039
766,47.7206
767,48.9559
768,50.2843
769,51.4314
770,52.8039
771,54.0833
772,55.5245
773,56.9118
774,58.2255
775,59.6127
776,61.0147
777,62.3235
778,63.6618
779,64.9706
780,66.4608
781,67.8137
782,69.3235
783,70.2353
784,71.4118
785,72.6667
786,73.5098
787,74.5833
788,75.2598
789,75.9069
790,76.4608
791,76.6078
792,76.8873
793,76.8039
794,77.0049
795,76.5686
796,76.2745
797,75.8627
798,75.2059
799,74.5000
800,73.5539
801,72.4020
802,71.5343
803,70.2500
804,68.9461
805,67.7794
806,66.7059
807,65.0686
808,63.8137
809,62.7500
810,61.5784
811,60.2500
812,59.1176
813,57.8873
814,56.8627
815,55.5392
816,54.5637
817,53.5441
818,52.2941
819,51.1520
820,49.9314
821,48.7010
822,47.2794
823,45.7745
824,43.9706
825,42.2598
826,40.4069
827,38.7843
828,36.8039
829,35.4902
830,34.2206
831,33.0539
832,31.7696
833,30.7108
834,29.7696
835,28.8578
836,27.9118
837,27.0000
838,26.1078
839,25.6569
840,24.7598
841,24.0392
842,23.4265
843,22.8480
844,22.0980
845,21.4902
846,21.0735
847,20.7745
848,20.3431
849,19.7304
850,19.3039
851,18.9804
852,18.4706
853,18.2010
854,17.8922
855,17.4804
856,17.3676
857,16.9020
858,16.5637
859,16.3676
860,16.0392
861,15.7941
862,15.4363
863,15.3725
864,15.0098
865,14.7892
866,14.4510
867,14.3824
868,14.0637
869,13.8824
870,13.8775
871,13.5686
872,13.5000
873,13.2598
874,13.1765
875,13.1225
876,12.9363
877,12.6814
878,12.5980
879,12.5343
880,12.4314
881,12.2402
882,12.1422
883,12.1618
884,12.0490
885,12.0637
886,11.8676
887,11.8529
888,11.8676
889,11.6618
890,11.7157
891,11.5882
892,11.7157
893,11.5049
894,11.4902
895,11.4314
896,11.4902
897,11.4216
898,11.2990
899,11.2990
900,11.2696
901,11.3578
902,11.2451
903,11.3333
904,11.2206
905,11.2402
906,11.2402
907,11.2108
908,11.1471
909,11.2206
910,11.3088
911,11.1765
912,11.2941
913,11.1471
914,11.1373
915,11.1765
916,11.1814
917,11.2500
918,11.4069
919,11.3284
920,11.3529
921,11.2941
922,11.4461
923,11.4167
924,11.5539
925,11.5392
926,11.6912
927,11.6275
928,11.6225
929,11.7157
930,11.8088
931,11.8627
932,11.9853
933,11.9608
934,12.2108
935,12.1814
936,12.4853
937,12.5049
938,12.6127
939,12.5882
940,12.8971
941,12.8333
942,12.9804
943,13.1765
944,13.2843
945,13.4657
946,13.6029
947,13.8186
948,13.7941
949,14.0931
950,14.3676
951,14.4559
952,14.6275
953,14.8137
954,15.2206
955,15.4608
956,15.7255
957,15.9020
958,16.2157
959,16.4265
960,16.9657
961,17.0441
962,17.2843
963,17.7206
964,18.2255
965,18.5980
966,19.1275
967,19.4216
968,19.8627
969,20.5000
970,21.0392
971,21.7990
972,22.4314
973,23.2353
974,23.6471
975,24.5000
976,25.1029
977,25.9069
978,26.6127
979,27.7451
980,28.6225
981,29.6078
982,30.5294
983,31.6618
984,33.1225
985,34.4951
986,35.5980
987,37.2745
988,39.2010
989,40.9020
990,42.5784
991,43.8873
992,45.2892
993,46.7451
994,47.8284
995,49.2108
996,50.5147
997,52.0098
998,53.4853
999,54.7059
1000,56.1324
1001,57.3873
1002,58.6078
1003,60.0392
1004,61.5833
1005,62.8088
1006,64.2108
1007,65.5490
1008,67.1961
1009,68.4020
1010,69.9510
1011,70.9265
1012,72.0735
1013,73.3284
1014,74.6029
1015,75.4510
1016,76.4608
1017,77.2451
1018,78.0686
1019,78.4461
1020,78.6618
1021,79.0735
1022,79.4608
1023,79.3039
1024,79.1716
1025,78.5539
1026,78.0735
1027,77.4461
1028,76.6961
1029,75.6569
1030,74.9412
1031,73.6520
1032,72.4902
1033,71.2402
1034,69.8529
1035,68.6520
1036,67.4412
1037,66.3382
1038,64.8284
1039,63.4559
1040,62.1127
1041,60.8284
1042,59.7843
1043,58.4216
1044,57.4853
1045,56.2304
1046,55.0147
1047,54.0294
1048,52.6569
1049,51.4804
1050,50.2353
1051,48.9412
1052,47.8235
1053,46.3088
1054,44.7843
1055,43.0049
1056,41.2108
1057,39.4706
1058,37.9608
1059,36.5539
1060,35.1961
1061,33.7010
1062,32.6912
1063,31.4853
1064,30.6324
1065,30.1912
1066,28.8235
1067,28.0294
1068,27.2696
1069,26.5098
1070,25.6716
1071,24.9265
1072,24.3922
1073,23.7108
1074,22.9657
1075,22.5343
1076,21.9902
1077,21.4265
1078,20.9853
1079,20.6225
1080,20.1961
1081,19.5686
1082,19.2843
1083,19.0147
1084,18.3725
1085,18.2696
1086,17.8578
1087,17.2598
1088,17.2696
1089,16.9608
1090,16.6520
1091,16.3775
1092,16.1863
1093,15.8186
1094,15.5000
1095,15.3480
1096,15.1373
1097,14.9657
1098,14.8382
1099,14.5000
1100,14.4314
1101,14.1176
1102,14.0196
1103,13.7696
1104,13.7304
1105,13.5441
1106,13.3824
1107,13.1814
1108,13.1471
1109,13.0784
1110,12.8529
1111,12.8627
1112,12.6716
1113,12.7255
1114,12.6029
1115,12.4118
1116,12.4510
1117,12.2451
1118,12.2108
1119,12.1716
1120,12.0784
1121,12.0637
1122,11.8922
1123,11.8922
1124,11.8873
1125,11.8578
1126,11.7990
1127,11.6422
1128,11.6667
1129,11.7157
1130,11.6176
1131,11.7255
1132,11.5539
1133,11.4706
1134,11.6275
1135,11.5882
1136,11.4706
1137,11.4510
1138,11.5147
1139,11.5539
1140,11.4755
1141,11.3725
1142,11.4167
1143,11.4167
1144,11.5490
1145,11.4706
1146,11.4314
1147,11.4510
1148,11.5539
1149,11.5931
1150,11.7206
1151,11.5588
1152,11.6176
1153,11.6520
1154,11.8088
1155,11.8627
1156,11.7549
1157,11.8137
1158,12.0098
1159,12.0833
1160,12.0588
1161,12.1716
1162,12.1373
1163,12.3186
1164,12.4167
1165,12.4706
1166,12.4706
1167,12.5980
1168,12.7745
1169,12.8235
1170,12.9216
1171,13.0833
1172,13.1961
1173,13.2451
1174,13.4902
1175,13.6029
1176,13.6765
1177,13.9363
1178,14.0000
1179,14.1863
1180,14.4314
1181,14.7353
1182,14.8088
1183,15.1029
1184,15.0882
1185,15.5196
1186,15.7843
1187,15.8627
1188,16.1618
1189,16.5980
1190,16.7696
1191,16.8775
1192,17.2696
1193,17.8480
1194,18.0392
1195,18.6029
1196,19.0098
1197,19.5049
1198,19.8627
1199,20.3627
1200,21.0049
1201,21.4510
1202,21.8431
1203,22.3480
1204,23.1569
1205,23.7745
1206,24.6127
1207,25.1863
1208,26.1765
1209,26.8873
1210,27.8137
1211,28.4412
1212,29.6225
1213,30.7794
1214,31.6373
1215,32.6520
1216,34.1176
1217,35.5049
1218,36.7794
1219,38.3775
1220,40.0882
1221,41.6127
1222,43.1912
1223,44.5441
1224,45.9167
1225,47.0441
1226,48.3824
1227,49.7941
1228,50.9853
1229,52.1324
1230,53.4069
1231,54.7451
1232,55.9853
1233,57.4020
1234,58.7451
1235,60.2696
1236,61.6814
1237,63.1324
1238,64.5735
1239,65.9755
1240,67.4510
1241,68.9118
1242,70.2892
1243,71.4363
1244,72.6765
1245,74.0000
1246,75.2549
1247,76.2598
1248,76.9951
1249,77.8873
1250,78.6226
1251,79.3431
1252,79.6520
1253,79.9020
1254,80.2255
1255,80.0637
1256,79.9510
1257,79.5686
1258,79.3235
1259,78.4853
1260,77.9608
1261,77.3235
1262,75.9755
1263,75.0343
1264,73.8137
1265,72.4951
1266,71.1814
1267,69.8382
1268,68.5539
1269,67.4020
1270,65.9657
1271,64.4902
1272,63.5245
1273,62.0490
1274,60.7304
1275,59.4657
1276,58.3284
1277,57.1765
1278,56.0392
1279,54.9363
1280,53.6618
1281,52.3971
1282,51.6373
1283,50.4902
1284,49.0833
1285,47.7892
1286,46.1912
1287,44.7255
1288,42.9559
1289,41.0588
1290,39.3725
1291,37.9902
1292,36.7206
1293,34.9069
1294,33.3088
1295,33.3382
1296,31.3382
1297,30.2647
1298,29.5980
1299,28.8186
1300,27.6520
1301,26.7892
1302,26.1814
1303,25.4853
1304,24.8824
1305,24.1667
1306,23.7206
1307,23.0931
1308,22.7255
1309,21.9804
1310,21.4020
1311,21.0637
1312,20.4951
1313,20.1765
1314,19.5784
1315,19.2598
1316,18.9020
1317,18.4608
1318,18.2598
1319,17.7696
1320,17.5392
1321,17.1618
1322,16.8873
1323,16.5980
1324,16.3088
1325,16.0686
1326,15.8480
1327,15.5833
1328,15.1912
1329,14.9755
1330,14.7500
1331,14.6127
1332,14.4167
1333,14.1373
1334,14.0637
1335,14.0196
1336,13.6569
1337,13.5931
1338,13.5588
1339,13.1569
1340,13.1569
1341,13.2206
1342,12.8333
1343,12.9167
1344,12.7647
1345,12.7010
1346,12.5882
1347,12.4804
1348,12.3235
1349,12.3333
1350,12.2794
1351,12.1618
1352,12.1029
1353,12.1814
1354,11.9804
1355,11.8284
1356,11.8039
1357,11.8039
1358,11.8971
1359,11.6471
1360,11.6765
1361,11.6422
1362,11.5931
1363,11.5049
1364,11.5882
1365,11.5980
1366,11.6225
1367,11.4755
1368,11.4216
1369,11.4608
1370,11.5441
1371,11.5490
1372,11.4461
1373,11.4461
1374,11.6324
1375,11.4853
1376,11.5049
1377,11.6912
1378,11.6275
1379,11.5931
1380,11.6373
1381,11.7059
1382,11.7941
1383,11.5784
1384,11.5392
1385,11.6422
1386,11.7157
1387,11.5882
1388,11.7500
1389,11.6814
1390,11.6961
1391,11.7990
1392,11.9118
1393,12.0392
1394,11.8333
1395,11.9314
1396,12.1961
1397,12.2451
1398,12.2402
1399,12.4363
1400,12.5490
1401,12.7451
1402,12.7647
1403,12.7647
1404,13.0049
1405,13.1912
1406,13.1471
1407,13.1912
1408,13.4706
1409,13.4706
1410,13.6225
1411,13.8676
1412,13.9167
1413,14.0980
1414,14.3529
1415,14.4755
1416,14.7745
1417,14.9069
1418,15.2255
1419,15.3824
1420,15.6078
1421,15.8873
1422,16.1912
1423,16.3382
1424,16.7402
1425,17.0441
1426,17.3529
1427,17.5294
1428,17.9853
1429,18.1029
1430,18.8039
1431,19.0098
1432,19.4853
1433,19.9314
1434,20.5539
1435,20.9069
1436,21.4118
1437,21.8578
1438,22.7892
1439,23.0392
1440,24.0049
1441,24.6667
1442,25.3578
1443,26.1814
1444,26.7794
1445,27.5490
1446,28.6127
1447,29.5098
1448,30.7402
1449,31.5098
1450,32.6520
1451,33.8971
1452,35.3627
1453,36.6520
1454,38.1225
1455,39.8186
1456,41.6078
1457,42.9902
1458,44.3775
1459,45.5000
1460,46.7745
1461,48.0882
1462,49.2843
1463,50.5147
1464,51.7745
1465,53.1765
1466,54.5882
1467,55.8382
1468,57.2843
1469,58.5000
1470,60.1961
1471,61.3873
1472,62.9853
1473,64.4608
1474,65.7059
1475,67.5049
1476,68.7843
1477,70.2010
1478,71.4853
1479,72.6912
1480,74.0931
1481,75.2206
1482,76.3726
1483,77.2353
1484,78.3873
1485,79.1127
1486,79.9412
1487,80.3774
1488,80.8039
1489,81.0490
1490,81.3284
1491,81.0980
1492,80.9363
1493,80.6765
1494,80.3480
1495,79.5147
1496,78.8824
1497,78.1127
1498,76.8333
1499,75.4755
1500,74.4510
1501,72.8480
1502,71.5000
1503,70.1373
1504,68.8971
1505,67.3529
1506,66.1274
1507,64.6569
1508,63.0588
1509,61.8529
1510,60.6127
1511,59.4559
1512,58.1863
1513,56.9412
1514,55.6275
1515,54.4853
1516,53.6275
1517,52.2598
1518,51.0098
1519,49.8039
1520,48.7745
1521,47.4755
1522,46.0196
1523,44.4069
1524,42.9559
1525,41.0735
1526,39.4853
1527,37.6863
1528,36.0735
1529,34.8529
1530,33.3382
1531,32.1716
1532,31.0294
1533,30.2598
1534,29.2892
1535,28.5049
1536,27.4706
1537,26.7696
1538,26.1127
1539,25.5049
1540,24.6667
1541,24.1324
1542,23.4412
1543,22.9167
1544,22.2059
1545,21.6716
1546,21.1569
1547,20.8431
1548,20.4412
1549,19.9559
1550,19.6078
1551,19.3480
1552,18.8333
1553,18.5735
1554,18.1765
1555,17.9020
1556,17.6029
1557,17.3578
1558,17.1078
1559,16.9167
1560,16.5637
1561,16.2108
1562,15.8971
1563,15.6667
1564,15.4755
1565,15.3039
1566,15.2304
1567,15.0882
1568,14.6863
1569,14.4559
1570,14.4412
1571,14.1225
1572,14.0098
1573,13.7990
1574,13.6471
1575,13.5392
1576,13.2598
1577,13.0833
1578,13.0637
1579,12.8186
1580,12.7745
1581,12.6667
1582,12.5049
1583,12.4804
1584,12.2745
1585,12.2402
1586,12.1324
1587,12.0343
1588,11.9657
1589,11.8922
1590,11.8529
1591,11.8578
1592,11.7843
1593,11.7353
1594,11.8186
1595,11.6225
1596,11.5784
1597,11.4510
1598,11.4020
1599,11.4559
1600,11.4069
1601,11.4216
1602,11.4461
1603,11.4657
1604,11.4069
1605,11.4216
1606,11.3725
1607,11.3284
1608,11.5392
1609,11.3627
1610,11.4657
1611,11.3235
1612,11.4118
1613,11.4951
1614,11.4510
1615,11.4902
1616,11.4216
1617,11.4461
1618,11.4412
1619,11.5196
1620,11.5245
1621,11.5294
1622,11.5784
1623,11.6765
1624,11.6373
1625,11.5539
1626,11.6275
1627,11.6520
1628,11.5735
1629,11.7549
1630,11.6471
1631,11.8039
1632,11.8971
1633,11.9020
1634,12.0735
1635,12.1765
1636,12.3137
1637,12.3284
1638,12.2059
1639,12.5049
1640,12.4608
1641,12.4510
1642,12.8382
1643,12.8627
1644,12.8775
1645,13.0294
1646,13.2990
1647,13.2892
1648,13.4853
1649,13.8137
1650,13.7255
1651,14.0539
1652,14.2843
1653,14.2451
1654,14.4412
1655,14.7451
1656,15.1961
1657,15.2304
1658,15.4412
1659,15.7500
1660,16.0980
1661,16.1618
1662,16.3725
1663,16.6863
1664,17.0147
1665,17.6716
1666,17.7647
1667,18.1324
1668,18.5441
1669,18.9216
1670,19.5637
1671,19.8971
1672,20.2598
1673,20.5245
1674,21.1324
1675,21.6422
1676,22.3971
1677,23.0784
1678,23.6520
1679,23.8971
1680,24.6422
1681,25.4853
1682,26.2255
1683,27.2843
1684,27.9706
1685,28.9804
1686,30.0735
1687,31.0441
1688,31.9804
1689,33.0588
1690,34.3676
1691,35.7941
1692,37.0686
1693,38.7843
1694,40.4951
1695,42.3578
1696,43.6765
1697,45.0049
1698,46.2402
1699,47.6961
1700,49.1471
1701,50.0686
1702,51.5784
1703,52.9608
1704,54.1961
1705,55.7598
1706,57.1176
1707,58.3971
1708,60.0049
1709,61.3382
1710,62.7059
1711,64.3333
1712,65.8039
1713,67.2353
1714,68.6520
1715,70.2108
1716,71.6176
1717,73.1422
1718,74.3039
1719,75.7598
1720,76.7745
1721,77.9951
1722,79.2255
1723,80.2451
1724,80.9510
1725,81.5294
1726,82.1226
1727,82.4314
1728,83.0000
1729,82.7647
1730,82.6912
1731,82.3676
1732,82.1127
1733,81.6176
1734,80.8186
1735,79.9216
1736,79.0049
1737,77.7745
1738,76.5441
1739,75.1765
1740,73.9118
1741,72.4706
1742,71.0000
1743,69.6274
1744,68.2941
1745,66.5637
1746,65.1324
1747,63.9167
1748,62.3284
1749,60.9314
1750,59.8039
1751,58.7304
1752,57.4853
1753,56.1667
1754,54.8627
1755,53.7206
1756,52.6422
1757,51.3775
1758,50.2402
1759,49.2451
1760,47.7745
1761,46.4559
1762,44.8088
1763,43.4069
1764,41.7010
1765,39.8480
1766,38.0931
1767,36.8235
1768,35.3775
1769,33.9853
1770,33.0098
1771,31.6814
1772,30.6569
1773,29.6029
1774,28.6912
1775,27.9559
1776,27.2941
1777,26.3431
1778,25.6716
1779,24.7549
1780,24.3039
1781,23.8137
1782,23.2451
1783,22.6078
1784,22.2745
1785,21.8333
1786,21.3873
1787,20.9412
1788,20.3333
1789,19.9363
1790,19.6176
1791,19.3186
1792,18.7206
1793,18.5049
1794,18.3186
1795,17.8824
1796,17.4804
1797,17.2990
1798,16.8971
1799,16.7451
1800,16.4167
1801,16.2794
1802,16.0147
1803,15.9412
1804,15.5931
1805,15.2451
1806,15.1373
1807,14.9069
1808,14.4853
1809,14.3235
1810,14.2745
1811,14.2745
1812,14.0147
1813,13.8431
1814,13.6863
1815,13.7059
1816,13.4853
1817,13.2990
1818,13.2696
1819,13.0637
1820,13.0588
1821,12.8725
1822,12.7598
1823,12.7059
1824,12.6029
1825,12.6275
1826,12.4363
1827,12.3382
1828,12.3284
1829,12.2451
1830,12.1912
1831,12.1716
1832,12.0490
1833,11.9265
1834,11.8775
1835,11.8039
1836,11.6961
1837,11.5490
1838,11.7402
1839,11.4020
1840,11.4314
1841,11.4020
1842,11.3137
1843,11.2941
1844,11.2255
1845,11.2500
1846,11.2255
1847,11.1618
1848,11.2500
1849,11.1324
1850,11.2157
1851,11.1569
1852,11.1569
1853,11.2010
1854,11.1275
1855,11.3088
1856,11.1863
1857,11.1618
1858,11.2500
1859,11.3137
1860,11.2304
1861,11.3775
1862,11.4559
1863,11.3333
1864,11.3922
1865,11.4461
1866,11.5098
1867,11.5490
1868,11.7353
1869,11.6520
1870,11.7157
1871,11.6422
1872,11.7010
1873,11.9755
1874,11.9559
1875,11.8873
1876,12.1471
1877,12.1863
1878,12.2255
1879,12.2794
1880,12.5147
1881,12.4902
1882,12.6961
1883,12.6912
1884,12.8039
1885,12.8873
1886,13.0588
1887,13.1667
1888,13.4559
1889,13.2206
1890,13.6127
1891,13.6275
1892,14.0245
1893,14.0931
1894,14.3578
1895,14.5049
1896,14.6716
1897,14.8431
1898,15.0000
1899,15.4608
1900,15.5147
1901,15.7892
1902,16.0245
1903,16.3873
1904,16.6127
1905,16.8676
1906,17.3824
1907,17.6961
1908,17.7206
1909,18.4069
1910,18.7255
1911,19.1176
1912,19.6275
1913,20.1961
1914,20.6863
1915,20.9755
1916,21.5294
1917,22.2696
1918,22.7647
1919,23.2892
1920,23.8333
1921,24.4706
1922,25.2451
1923,25.9314
1924,26.6912
1925,27.3529
1926,28.3284
1927,29.1127
1928,30.2157
1929,30.9951
1930,32.1961
1931,33.5343
1932,34.6912
1933,35.8627
1934,37.4216
1935,39.0637
1936,40.7843
1937,42.7402
1938,44.2892
1939,45.4559
1940,46.8382
1941,48.0539
1942,49.4069
1943,50.8382
1944,52.0833
1945,53.6029
1946,54.8578
1947,56.2843
1948,57.5735
1949,59.0147
1950,60.4363
1951,62.1863
1952,63.5049
1953,65.0784
1954,66.4706
1955,67.8971
1956,69.6127
1957,71.1912
1958,72.6471
1959,73.9853
1960,75.6127
1961,76.6716
1962,77.9461
1963,79.1324
1964,80.2696
1965,81.0343
1966,81.9363
1967,82.8676
1968,83.3774
1969,83.9167
1970,84.0000
1971,84.3873
1972,84.3186
1973,84.1029
1974,83.6520
1975,83.3333
1976,82.8627
1977,81.8529
1978,80.8922
1979,79.8480
1980,78.8922
1981,77.4167
1982,75.9167
1983,74.4216
1984,72.8774
1985,71.4167
1986,70.2353
1987,68.4314
1988,67.2941
1989,65.7941
1990,64.4559
1991,62.9314
1992,61.4951
1993,60.1961
1994,58.8186
1995,57.5980
1996,56.4167
1997,55.2598
1998,53.8235
1999,52.6569
2000,51.4755
2001,50.1471
2002,48.9020
2003,47.7647
2004,46.4755
2005,44.6765
2006,42.8235
2007,40.8039
2008,39.7108
2009,37.8431
2010,36.5833
2011,34.8137
2012,33.7451
2013,32.6127
2014,31.4069
2015,30.6618
2016,29.5000
2017,28.4706
2018,27.7794
2019,26.7990
2020,26.3235
2021,25.4167
2022,24.9902
2023,24.3088
2024,23.6618
2025,22.9559
2026,22.4951
2027,22.0245
2028,21.4657
2029,20.9657
2030,20.5784
2031,19.8775
2032,19.4657
2033,19.0833
2034,18.9559
2035,18.4804
2036,18.2451
2037,17.8039
2038,17.5245
2039,17.3480
2040,17.0441
2041,16.7843
2042,16.5147
2043,16.1324
2044,16.0147
2045,15.7598
2046,15.3382
2047,15.3088
2048,15.0637
2049,14.7696
2050,14.6029
2051,14.5000
2052,14.3922
2053,14.1275
2054,14.0294
2055,13.8235
2056,13.7843
2057,13.5196
2058,13.4363
2059,13.1814
2060,13.1961
2061,13.0735
2062,12.9853
2063,12.8627
2064,12.6373
2065,12.5049
2066,12.5686
2067,12.5196
2068,12.5000
2069,12.3333
2070,12.2647
2071,12.1716
2072,12.2304
2073,12.3480
2074,11.9363
2075,11.9951
2076,11.8775
2077,11.8578
2078,11.7696
2079,11.7402
2080,11.7696
2081,11.6716
2082,11.6569
2083,11.6127
2084,11.5588
2085,11.5245
2086,11.4657
2087,11.2941
2088,11.3039
2089,11.2794
2090,11.1912
2091,11.1667
2092,11.2647
2093,11.2353
2094,11.2843
2095,11.0931
2096,11.0980
2097,11.2255
2098,11.0637
2099,11.1520
2100,11.1176
2101,11.1912
2102,11.1863
2103,11.1520
2104,11.2010
2105,11.0882
2106,11.1373
2107,11.2010
2108,11.1324
2109,11.2157
2110,11.3088
2111,11.3529
2112,11.4363
2113,11.3775
2114,11.4755
2115,11.4069
2116,11.6471
2117,11.6716
2118,11.7451
2119,11.7500
2120,11.7990
2121,11.9314
2122,12.0196
2123,12.1716
2124,12.2647
2125,12.3824
2126,12.4118
2127,12.5588
2128,12.6275
2129,12.7794
2130,12.9412
2131,13.0147
2132,13.2402
2133,13.3725
2134,13.5343
2135,13.7402
2136,13.8922
2137,14.0245
2138,14.1422
2139,14.4412
2140,14.5490
2141,14.7059
2142,14.9902
2143,15.1275
2144,15.3186
2145,15.6716
2146,15.7108
2147,16.0588
2148,16.6716
2149,16.8676
2150,16.9608
2151,17.3676
2152,17.7059
2153,17.9559
2154,18.2990
2155,18.7892
2156,18.9265
2157,19.3186
2158,19.8676
2159,20.4608
2160,20.7353
2161,21.1618
2162,21.8088
2163,22.1716
2164,22.8676
2165,23.5833
2166,23.9804
2167,24.7598
2168,25.4608
2169,26.5147
2170,27.2206
2171,27.8873
2172,28.5245
2173,29.5441
2174,30.6078
2175,31.7990
2176,32.8578
2177,33.9265
2178,34.9265
2179,36.2500
2180,37.8775
2181,39.7353
2182,41.7206
2183,43.4853
2184,44.8775
2185,46.3431
2186,47.6078
2187,48.9657
2188,50.3725
2189,51.8333
2190,53.0245
2191,54.4461
2192,55.9706
2193,57.1863
2194,58.7843
2195,60.3235
2196,61.5637
2197,63.1961
2198,64.8235
2199,66.3284
2200,67.6029
2201,69.2402
2202,70.8578
2203,72.3088
2204,73.8578
2205,75.2059
2206,76.5196
2207,77.9020
2208,79.2402
2209,80.2598
2210,81.2990
2211,82.1618
2212,83.1422
2213,83.7794
2214,84.2598
2215,84.9265
2216,85.1324
2217,85.3480
2218,85.1863
2219,85.1029
2220,84.7549
2221,84.3873
2222,83.4804
2223,82.5833
2224,81.8774
2225,80.8333
2226,79.7745
2227,78.1324
2228,77.0686
2229,75.6912
2230,73.9510
2231,72.1716
2232,70.9804
2233,69.5196
2234,68.0245
2235,66.3971
2236,64.9020
2237,63.5000
2238,61.9314
2239,60.5539
2240,59.3578
2241,58.0000
2242,56.6961
2243,55.3578
2244,54.0882
2245,52.9461
2246,51.3775
2247,50.3971
2248,49.1373
2249,47.7745
2250,46.5588
2251,44.7990
2252,42.9510
2253,41.2157
2254,40.0147
2255,38.0588
2256,36.5000
2257,35.3431
2258,34.0196
2259,32.3627
2260,31.4559
2261,30.5000
2262,29.6127
2263,28.6029
2264,27.7451
2265,26.7500
2266,25.9069
2267,25.3480
2268,24.8382
2269,24.2794
2270,23.5245
2271,23.0196
2272,22.4216
2273,21.8676
2274,21.4265
2275,20.9020
2276,20.5147
2277,19.9706
2278,19.6275
2279,19.1961
2280,18.8578
2281,18.6029
2282,18.1471
2283,17.8725
2284,17.6520
2285,17.2843
2286,17.0343
2287,16.8529
2288,16.4902
2289,16.2549
2290,15.8873
2291,15.7745
2292,15.5882
2293,15.3186
2294,14.9706
2295,14.8824
2296,14.6716
2297,14.5196
2298,14.4118
2299,14.0392
2300,14.0098
2301,13.7647
2302,13.6814
2303,13.4853
2304,13.3922
2305,13.1961
2306,13.0539
2307,12.9902
2308,12.7745
2309,12.7647
2310,12.5833
2311,12.5098
2312,12.4510
2313,12.2941
2314,12.3971
2315,12.2451
2316,12.1078
2317,11.8725
2318,11.9412
2319,11.8578
2320,11.7451
2321,11.6961
2322,11.6422
2323,11.7304
2324,11.6569
2325,11.6127
2326,11.3431
2327,11.5000
2328,11.4706
2329,11.4363
2330,11.3725
2331,11.2892
2332,11.2696
2333,11.0882
2334,11.1618
2335,11.1569
2336,11.0245
2337,11.1422
2338,11.1814
2339,11.0294
2340,10.9755
2341,11.0686
2342,10.9020
2343,10.9461
2344,10.8873
2345,10.9167
2346,10.8333
2347,10.9020
2348,10.9216
2349,10.8333
2350,10.8824
2351,10.9804
2352,10.9559
2353,11.0196
2354,10.9951
2355,11.0245
2356,10.9902
2357,11.1029
2358,11.2353
2359,11.2353
2360,11.2941
2361,11.2402
2362,11.4216
2363,11.3824
2364,11.5098
2365,11.4069
2366,11.5245
2367,11.6863
2368,11.6520
2369,11.8676
2370,11.8578
2371,11.8578
2372,12.0833
2373,12.2010
2374,12.1471
2375,12.1814
2376,12.3725
2377,12.5196
2378,12.7843
2379,12.6275
2380,12.8824
2381,13.0490
2382,12.9755
2383,13.1814
2384,13.3824
2385,13.5490
2386,13.7990
2387,13.8333
2388,14.0441
2389,14.2892
2390,14.5980
2391,14.9118
2392,14.9314
2393,15.3578
2394,15.5833
2395,15.8480
2396,16.1520
2397,16.2255
2398,16.5980
2399,16.8725
2400,17.2255
2401,17.4412
2402,17.7990
2403,18.2647
2404,18.6667
2405,18.9657
2406,19.3725
2407,19.8971
2408,20.3431
2409,20.8235
2410,21.2696
2411,21.8873
2412,22.2304
2413,22.7598
2414,23.2745
2415,24.0637
2416,24.4902
2417,25.3235
2418,25.8725
2419,26.6961
2420,27.4118
2421,28.3873
2422,29.4461
2423,30.1618
2424,31.2059
2425,32.5049
2426,33.6912
2427,34.8922
2428,36.0490
2429,37.5441
2430,39.0882
2431,40.8775
2432,42.1814
2433,44.3431
2434,45.8382
2435,47.2157
2436,48.6912
2437,50.0882
2438,51.3775
2439,52.7059
2440,54.1814
2441,55.7010
2442,57.2500
2443,58.6078
2444,60.0735
2445,61.5343
2446,62.9118
2447,64.4559
2448,66.0637
2449,67.5490
2450,69.3088
2451,70.7157
2452,72.2598
2453,73.8480
2454,75.2304
2455,76.7157
2456,78.0882
2457,79.2157
2458,80.4363
2459,81.7010
2460,82.7255
2461,83.7059
2462,84.5343
2463,85.1863
2464,85.4804
2465,86.0000
2466,86.4510
2467,86.2353
2468,86.2794
2469,86.2745
2470,85.7304
2471,85.3578
2472,84.4608
2473,83.5980
2474,82.7941
2475,81.5245
2476,80.3039
2477,79.0539
2478,77.2402
2479,75.9216
2480,74.4020
2481,72.9265
2482,71.1324
2483,69.6618
2484,68.1127
2485,66.5392
2486,64.9461
2487,63.6275
2488,62.0539
2489,60.5049
2490,59.3284
2491,57.9069
2492,56.4363
2493,55.3382
2494,53.9510
2495,52.8578
2496,51.6029
2497,50.1275
2498,48.8137
2499,47.6373
2500,46.4167
2501,44.7598
2502,43.1912
2503,41.3578
2504,39.2696
2505,38.2010
2506,36.4902
2507,35.1176
2508,33.6029
2509,32.5539
2510,31.3186
2511,30.3775
2512,29.3284
2513,28.5441
2514,27.4363
2515,26.8529
2516,26.0049
2517,25.4265
2518,24.6863
2519,24.2206
2520,23.4706
2521,22.8382
2522,22.2647
2523,21.9118
2524,21.1029
2525,20.8480
2526,20.3725
2527,19.9069
2528,19.3725
2529,19.1471
2530,18.7941
2531,18.3775
2532,18.1275
2533,17.7108
2534,17.4706
2535,17.2598
2536,16.9755
2537,16.7157
2538,16.4363
2539,16.2647
2540,15.8676
2541,15.6765
2542,15.3235
2543,15.2598
2544,15.1078
2545,14.8480
2546,14.5637
2547,14.3627
2548,14.3529
2549,14.0882
2550,13.9902
2551,13.8578
2552,13.5245
2553,13.3382
2554,13.3971
2555,13.3186
2556,13.3088
2557,13.0049
2558,12.8480
2559,12.7059
2560,12.7010
2561,12.5392
2562,12.3186
2563,12.3186
2564,12.1176
2565,12.0245
2566,12.0098
2567,11.9951
2568,11.7990
2569,11.6961
2570,11.7892
2571,11.6716
2572,11.4559
2573,11.4853
2574,11.4510
2575,11.4069
2576,11.3186
2577,11.2843
2578,11.2451
2579,11.1961
2580,11.1814
2581,11.1176
2582,11.0392
2583,10.9951
2584,11.0980
2585,10.8824
2586,10.9412
2587,10.7794
2588,10.9853
2589,10.8088
2590,10.7598
2591,10.8480
2592,10.7500
2593,10.8039
2594,10.8235
2595,10.7696
2596,10.8480
2597,10.8824
2598,10.6961
2599,10.6814
2600,10.6765
2601,10.7353
2602,10.6176
2603,10.7206
2604,10.8284
2605,10.8676
2606,10.8333
2607,10.8725
2608,10.8284
2609,10.8922
2610,11.0539
2611,11.0196
2612,11.0735
2613,11.1618
2614,11.0784
2615,11.2402
2616,11.3725
2617,11.2010
2618,11.4412
2619,11.5784
2620,11.3971
2621,11.5686
2622,11.6912
2623,11.8137
2624,11.9510
2625,11.9559
2626,12.0931
2627,12.1618
2628,12.2157
2629,12.3824
2630,12.3578
2631,12.5294
2632,12.6716
2633,12.6765
2634,12.8725
2635,13.1029
2636,13.0490
2637,13.2451
2638,13.4755
2639,13.5784
2640,13.9069
2641,14.0637
2642,14.1225
2643,14.3971
2644,14.6618
2645,14.8676
2646,15.1176
2647,15.2059
2648,15.4951
2649,15.7745
2650,16.0980
2651,16.3529
2652,16.8088
2653,17.0098
2654,17.2402
2655,17.4559
2656,17.8824
2657,18.4608
2658,18.5588
2659,18.9951
2660,19.5098
2661,20.0882
2662,20.4118
2663,20.8284
2664,21.2745
2665,21.8039
2666,22.4363
2667,22.9216
2668,23.4706
2669,24.3333
2670,24.8333
2671,25.4020
2672,26.3578
2673,27.1569
2674,27.9461
2675,28.7745
2676,29.5686
2677,30.7206
2678,31.7500
2679,32.7647
2680,33.8873
2681,34.9657
2682,36.2745
2683,37.9118
2684,39.2255
2685,41.3529
2686,42.8824
2687,44.6814
2688,46.2353
2689,47.8971
2690,49.3824
2691,50.7402
2692,52.1912
2693,53.7843
2694,55.0686
2695,56.5882
2696,58.1716
2697,59.7059
2698,61.1029
2699,62.7941
2700,64.1324
2701,65.7108
2702,67.3676
2703,68.7206
2704,70.3676
2705,71.9804
2706,73.0637
2707,74.8824
2708,76.1422
2709,77.6324
2710,79.0098
2711,80.1226
2712,81.5735
2713,82.4510
2714,83.3235
2715,84.2598
2716,84.8774
2717,85.5980
2718,86.2108
2719,86.5196
2720,86.9118
2721,86.7647
2722,86.7353
2723,86.3971
2724,85.7451
2725,85.3284
2726,84.5196
2727,83.7010
2728,82.5882
2729,81.4510
2730,80.3824
2731,79.0294
2732,77.4657
2733,76.1569
2734,74.4265
2735,73.0833
2736,71.5000
2737,69.8284
2738,68.1176
2739,66.6078
2740,64.9216
2741,63.3480
2742,61.8137
2743,60.5196
2744,59.0686
2745,57.6716
2746,56.4412
2747,55.3137
2748,54.0637
2749,52.5833
2750,51.3578
2751,50.1863
2752,48.8186
2753,47.6814
2754,46.3873
2755,44.8824
2756,43.2206
2757,41.5196
2758,40.0245
2759,38.5637
2760,37.1373
2761,35.3578
2762,33.9461
2763,32.6569
2764,31.6422
2765,30.5245
2766,29.1127
2767,28.0392
2768,27.3382
2769,26.5980
2770,25.8333
2771,25.1422
2772,24.4216
2773,24.0343
2774,23.3627
2775,22.8137
2776,22.3088
2777,21.9020
2778,21.6127
2779,21.2157
2780,20.3775
2781,20.0637
2782,19.7500
2783,19.2696
2784,19.1078
2785,18.6422
2786,18.1765
2787,17.9363
2788,17.5147
2789,17.1520
2790,16.9412
2791,16.7353
2792,16.4118
2793,16.3284
2794,15.9804
2795,15.7059
2796,15.5686
2797,15.3039
2798,15.1127
2799,14.8431
2800,14.5588
2801,14.4755
2802,14.1814
2803,14.0441
2804,13.9608
2805,13.6863
2806,13.4951
2807,13.5441
2808,13.3873
2809,13.2353
2810,13.1373
2811,13.1471
2812,12.8137
2813,12.6422
2814,12.5392
2815,12.4020
2816,12.3235
2817,12.1814
2818,12.1520
2819,11.9314
2820,11.9608
2821,11.8186
2822,11.7549
2823,11.8333
2824,11.4657
2825,11.5784
2826,11.4657
2827,11.3775
2828,11.2451
2829,11.2255
2830,11.1127
2831,11.2206
2832,11.0441
2833,10.9902
2834,10.9412
2835,10.9314
2836,10.9265
2837,10.8137
2838,10.7843
2839,10.8333
2840,10.8578
2841,10.9118
2842,10.7353
2843,10.7059
2844,10.6569
2845,10.7500
2846,10.6765
2847,10.6324
2848,10.7745
2849,10.6863
2850,10.6422
2851,10.7402
2852,10.7157
2853,10.8873
2854,10.7745
2855,10.6814
2856,10.7990
2857,10.6667
2858,10.6863
2859,10.6127
2860,10.6667
2861,10.8529
2862,10.6961
2863,10.6569
2864,10.6569
2865,10.7157
2866,10.7304
2867,10.8676
2868,10.9461
2869,10.8775
2870,10.8922
2871,10.9608
2872,11.0000
2873,11.0686
2874,11.2010
2875,11.2843
2876,11.4461
2877,11.3529
2878,11.4902
2879,11.6176
2880,11.4461
2881,11.4951
2882,11.6029
2883,11.6961
2884,11.8824
2885,12.0588
2886,12.0784
2887,12.3088
2888,12.4265
2889,12.6078
2890,12.6127
2891,12.9510
2892,13.0686
2893,13.2157
2894,13.3676
2895,13.5931
2896,13.5784
2897,13.8235
2898,14.2304
2899,14.2843
2900,14.4118
2901,14.7353
2902,14.8088
2903,15.1176
2904,15.3382
2905,15.5245
2906,15.7598
2907,16.0000
2908,16.2941
2909,16.5490
2910,16.9706
2911,17.1667
2912,17.3431
2913,17.7647
2914,18.0735
2915,18.4804
2916,18.6225
2917,19.2157
2918,19.8137
2919,19.9706
2920,20.6029
2921,20.9804
2922,21.5098
2923,22.0637
2924,22.5049
2925,23.3873
2926,24.0539
2927,24.6029
2928,24.9706
2929,25.8873
2930,26.7206
2931,27.5931
2932,28.3088
2933,29.2941
2934,30.2353
2935,31.4706
2936,32.0686
2937,33.3235
2938,34.3824
2939,35.7108
2940,37.2059
2941,38.9608
2942,40.3382
2943,41.9069
2944,44.1225
2945,45.7941
2946,47.2010
2947,48.7549
2948,50.3529
2949,51.8235
2950,53.2892
2951,54.6127
2952,55.9216
2953,57.7059
2954,58.9314
2955,60.4853
2956,61.9412
2957,63.7451
2958,64.8088
2959,66.5392
2960,67.9510
2961,69.4265
2962,70.7794
2963,72.3529
2964,73.7892
2965,75.2353
2966,76.5294
2967,78.5931
2968,79.1029
2969,80.3333
2970,81.4069
2971,82.6373
2972,83.5588
2973,84.1814
2974,85.1373
2975,85.6373
2976,86.2500
2977,86.8873
2978,87.0000
2979,87.2549
2980,86.8873
2981,86.8039
2982,86.1520
2983,85.7696
2984,85.0490
2985,84.3284
2986,83.0637
2987,82.2255
2988,81.0392
2989,79.7353
2990,78.0931
2991,76.7843
2992,75.2353
2993,73.5882
2994,72.1618
2995,70.6716
2996,68.8774
2997,67.2745
2998,65.9461
2999,64.2451
3000,62.5441
3001,61.3627
3002,59.7059
3003,58.2843
3004,56.7549
3005,55.6618
3006,54.3186
3007,52.9755
3008,51.8873
3009,50.5049
3010,49.2353
3011,48.2402
3012,46.6127
3013,45.5833
3014,44.2451
3015,42.8480
3016,41.0343
3017,39.8529
3018,38.0490
3019,36.6765
3020,34.9363
3021,33.6471
3022,32.3333
3023,31.4118
3024,30.9510
3025,29.3039
3026,28.5588
3027,27.7353
3028,27.0392
3029,26.4902
3030,25.4412
3031,24.8284
3032,24.1569
3033,23.6275
3034,23.1324
3035,22.5490
3036,22.1275
3037,21.8480
3038,21.4069
3039,20.9314
3040,20.3725
3041,20.0147
3042,19.6471
3043,19.0686
3044,18.5490
3045,18.4608
3046,18.0539
3047,17.6078
3048,17.5147
3049,17.2500
3050,16.8039
3051,16.6520
3052,16.3137
3053,15.9755
3054,15.8480
3055,15.5882
3056,15.3284
3057,15.2010
3058,14.9951
3059,14.9265
3060,14.7892
3061,14.5931
3062,14.2696
3063,14.1863
3064,13.8971
3065,13.8382
3066,13.6029
3067,13.3971
3068,13.3578
3069,13.2108
3070,13.3039
3071,12.9706
3072,12.8333
3073,12.6275
3074,12.6078
3075,12.5980
3076,12.5049
3077,12.3186
3078,12.1176
3079,12.2549
3080,12.1127
3081,12.0098
3082,11.7892
3083,11.8578
3084,11.6618
3085,11.6569
3086,11.5784
3087,11.4902
3088,11.2794
3089,11.2892
3090,11.3088
3091,11.1716
3092,11.0490
3093,11.2059
3094,11.1127
3095,11.1716
3096,11.1667
3097,11.0000
3098,10.9902
3099,10.8922
3100,10.8431
3101,10.8922
3102,10.8284
3103,10.7402
3104,11.3284
3105,10.7255
3106,10.6029
3107,10.6225
3108,10.5931
3109,10.6029
3110,10.6225
3111,10.5441
3112,10.5441
3113,10.5735
3114,10.4412
3115,10.5294
3116,10.5980
3117,10.4412
3118,10.5539
3119,10.5833
3120,10.5490
3121,10.5196
3122,10.7206
3123,10.6176
3124,10.6225
3125,10.6863
3126,10.7500
3127,10.7794
3128,10.8333
3129,10.7990
3130,10.9461
3131,10.9755
3132,10.9216
3133,10.9608
3134,11.0686
3135,11.0980
3136,11.1275
3137,11.2059
3138,11.2843
3139,11.3971
