Distance_(pixels),Gray_Value
0,13.1806
1,13.0139
2,12.9167
3,12.8056
4,12.7014
5,12.5694
6,12.6042
7,12.5833
8,12.4236
9,12.4375
10,12.4097
11,12.3125
12,12.1597
13,12.2292
14,12.2014
15,12.2153
16,12.2986
17,12.1111
18,12.1042
19,12.1181
20,12.1806
21,12.1181
22,12.1319
23,12.1042
24,12.1528
25,12.3750
26,12.2569
27,12.2500
28,12.1875
29,12.2083
30,12.2292
31,12.2014
32,12.2917
33,12.3472
34,12.3472
35,12.3681
36,12.3958
37,12.4306
38,12.5972
39,12.5278
40,12.6944
41,12.7014
42,12.7222
43,12.8194
44,12.8125
45,12.8542
46,12.9792
47,13.0139
48,13.2708
49,13.2639
50,13.4167
51,13.4583
52,13.5347
53,13.7083
54,13.8611
55,13.8611
56,14.0486
57,14.2014
58,14.3125
59,14.4444
60,14.6736
61,14.8403
62,15.0903
63,15.1667
64,15.4306
65,15.5694
66,15.9861
67,15.9097
68,16.2847
69,16.6458
70,16.7083
71,17.0625
72,17.2986
73,17.6458
74,19.0556
75,18.2917
76,18.6111
77,18.8264
78,19.1944
79,19.5903
80,19.9028
81,20.4722
82,20.9236
83,21.4653
84,21.8542
85,22.4653
86,22.8819
87,23.6250
88,24.1667
89,24.7917
90,25.3333
91,26.2639
92,26.5000
93,27.4722
94,28.3542
95,28.8194
96,29.5972
97,30.5764
98,31.4861
99,32.5486
100,33.4097
101,34.8194
102,35.9931
103,36.9861
104,38.1389
105,39.6319
106,41.2014
107,42.5417
108,44.0764
109,45.2222
110,47.2083
111,48.6250
112,50.6111
113,52.1389
114,54.0972
115,56.1458
116,58.3750
117,60.7083
118,62.9306
119,64.9583
120,67.5069
121,69.6944
122,71.7083
123,73.2917
124,75.0278
125,76.5903
126,77.8264
127,78.9722
128,79.8056
129,80.9861
130,81.5278
131,82.3125
132,82.8056
133,83.3125
134,84.1111
135,84.3125
136,84.8819
137,84.9306
138,85.1667
139,85.2778
140,85.1458
141,84.8958
142,84.7292
143,84.4722
144,84.0208
145,83.6389
146,83.1458
147,82.1944
148,81.2708
149,80.4722
150,79.4167
151,78.4444
152,77.0208
153,75.9167
154,74.3889
155,73.1389
156,71.4306
157,69.4444
158,67.4028
159,64.7292
160,61.6806
161,58.3125
162,55.3958
163,52.3472
164,49.7153
165,47.0694
166,44.8611
167,42.9514
168,41.0069
169,39.5278
170,37.9583
171,36.5764
172,35.0278
173,33.8681
174,32.7569
175,31.6389
176,30.7778
177,29.5694
178,28.5903
179,27.5417
180,26.8750
181,26.2153
182,25.3542
183,24.4306
184,23.7778
185,23.2014
186,22.6597
187,22.0486
188,21.4792
189,21.0417
190,20.6319
191,20.3264
192,19.7917
193,19.3611
194,19.0833
195,18.6736
196,18.2500
197,18.0486
198,17.7361
199,17.4514
200,17.1458
201,16.8819
202,16.6528
203,16.2708
204,16.1944
205,15.8750
206,15.4792
207,15.3611
208,15.2361
209,15.0556
210,14.8889
211,14.6319
212,14.5000
213,14.3056
214,14.0903
215,14.0625
216,14.0139
217,13.8264
218,13.8264
219,13.5486
220,13.5139
221,13.3889
222,13.2986
223,13.2708
224,13.0764
225,12.9931
226,12.9722
227,12.8958
228,12.8542
229,12.7986
230,12.8056
231,12.6181
232,12.7431
233,12.6806
234,12.7431
235,12.7569
236,12.6875
237,12.6597
238,12.7222
239,12.5972
240,12.5833
241,12.6250
242,12.5903
243,12.6597
244,12.5625
245,12.7917
246,12.6597
247,12.7708
248,12.8125
249,12.8958
250,12.8472
251,12.8958
252,12.8056
253,12.9097
254,13.6597
255,12.9792
256,12.9444
257,12.9375
258,13.1250
259,13.1181
260,13.2778
261,13.2292
262,13.4653
263,13.5556
264,13.5625
265,13.6528
266,13.7569
267,13.7153
268,13.9306
269,14.0694
270,14.1181
271,14.0833
272,14.4306
273,14.4931
274,14.5278
275,14.8819
276,15.0347
277,15.1042
278,15.2708
279,15.4167
280,15.8472
281,15.7986
282,15.9028
283,16.2500
284,16.4444
285,16.9722
286,17.1042
287,17.0417
288,17.3403
289,17.8125
290,18.1944
291,18.4236
292,18.4514
293,18.9028
294,19.3889
295,19.8403
296,20.3403
297,20.7778
298,20.9931
299,21.3750
300,21.6875
301,22.3056
302,22.9028
303,23.8681
304,24.3819
305,24.9861
306,25.5903
307,26.2153
308,26.8889
309,27.2014
310,28.1319
311,28.7708
312,29.4583
313,30.4861
314,31.3472
315,32.5278
316,33.6806
317,34.7778
318,35.8889
319,37.1250
320,38.3472
321,39.4861
322,40.7083
323,42.5347
324,43.7222
325,45.2361
326,46.7431
327,48.5694
328,50.0694
329,51.5903
330,53.6042
331,55.5069
332,57.5417
333,59.8611
334,61.9861
335,64.9306
336,67.5556
337,70.0625
338,71.9236
339,73.7708
340,75.4653
341,76.9653
342,78.3819
343,79.4861
344,80.8750
345,82.0694
346,82.9861
347,84.1944
348,84.9097
349,85.7014
350,86.5972
351,87.1250
352,87.5417
353,87.8056
354,88.1458
355,88.6736
356,88.7292
357,88.7292
358,88.7917
359,88.6181
360,88.5625
361,88.1875
362,87.6806
363,87.1875
364,86.4444
365,85.9306
366,85.2292
367,84.2222
368,83.5069
369,82.2708
370,81.0694
371,79.5278
372,78.3125
373,76.6875
374,75.1875
375,73.4444
376,71.4514
377,69.4444
378,66.9792
379,63.9097
380,60.5903
381,57.8958
382,54.9792
383,52.1806
384,49.9097
385,47.2500
386,45.0486
387,43.4375
388,41.7708
389,40.4583
390,38.8125
391,37.3333
392,36.1667
393,35.0278
394,33.8681
395,32.5278
396,31.3403
397,30.6875
398,29.8333
399,28.9375
400,28.0069
401,27.1389
402,26.2639
403,25.5903
404,25.0139
405,24.4236
406,23.9375
407,23.2847
408,22.7222
409,22.2986
410,21.8542
411,21.5972
412,21.0208
413,20.5069
414,20.1667
415,19.8403
416,19.5278
417,19.3472
418,18.8333
419,18.5903
420,18.2569
421,18.0764
422,17.7569
423,17.4375
424,17.0486
425,16.9583
426,16.5347
427,16.5486
428,16.2708
429,16.1111
430,15.9444
431,15.7639
432,15.5694
433,15.3681
434,15.3333
435,15.2778
436,15.0417
437,14.9028
438,14.8194
439,14.8819
440,14.5139
441,14.4236
442,14.3889
443,14.3125
444,14.1806
445,14.1181
446,14.0486
447,14.0625
448,14.0208
449,13.9514
450,14.0069
451,13.9861
452,13.9861
453,13.7639
454,13.7292
455,13.6806
456,13.5556
457,13.5972
458,13.6042
459,13.6667
460,13.6875
461,13.5486
462,13.5139
463,13.5069
464,13.5069
465,13.5972
466,13.7500
467,13.8056
468,13.7431
469,13.7431
470,13.7431
471,13.8750
472,13.9097
473,13.9236
474,13.8958
475,13.8750
476,14.0000
477,14.0486
478,14.1875
479,14.1875
480,14.3056
481,14.3958
482,14.3542
483,14.4514
484,14.6458
485,14.7708
486,14.8958
487,14.8611
488,15.0486
489,14.9861
490,15.2708
491,15.3611
492,15.5139
493,15.6181
494,15.8403
495,16.0347
496,16.1875
497,16.3472
498,16.3750
499,16.7431
500,16.8681
501,17.2222
502,17.3542
503,17.6250
504,17.8333
505,18.0764
506,18.3125
507,18.7500
508,19.0903
509,19.2014
510,19.7847
511,20.0139
512,20.2986
513,20.6667
514,20.9583
515,21.5278
516,21.8542
517,22.1458
518,22.7569
519,23.2569
520,23.8750
521,24.2292
522,24.7014
523,25.6458
524,26.0417
525,26.7431
526,27.6528
527,28.2222
528,28.8403
529,29.8472
530,30.4583
531,31.3542
532,32.0764
533,33.0833
534,34.0764
535,35.3194
536,36.2500
537,37.1458
538,38.6458
539,39.7708
540,40.8681
541,42.5625
542,44.1528
543,45.7222
544,47.0139
545,48.6806
546,50.4028
547,52.1597
548,53.5833
549,55.8750
550,58.0625
551,60.3264
552,62.4306
553,64.6042
554,66.9444
555,69.6250
556,72.3889
557,74.4583
558,76.4028
559,78.0278
560,79.7153
561,81.1597
562,82.6181
563,83.9097
564,85.1875
565,86.1597
566,87.1806
567,88.2500
568,89.0208
569,89.8542
570,90.5694
571,91.1389
572,91.8264
573,92.1875
574,92.5208
575,93.0000
576,93.3056
577,93.2986
578,93.4167
579,93.4028
580,93.0139
581,93.0208
582,92.7083
583,92.0069
584,91.4931
585,90.8194
586,90.0764
587,89.2708
588,88.2500
589,87.2083
590,85.7014
591,84.5347
592,83.3333
593,81.8125
594,80.2292
595,78.7153
596,77.0833
597,75.2431
598,73.4097
599,71.4375
600,68.7569
601,66.4583
602,63.3681
603,60.2292
604,57.2778
605,54.8056
606,52.5139
607,50.0486
608,47.7361
609,45.8333
610,44.1528
611,42.5694
612,41.2014
613,40.0208
614,38.7361
615,37.2153
616,36.0278
617,34.8056
618,33.7222
619,32.6736
620,31.8194
621,30.8194
622,29.7361
623,28.8889
624,28.0972
625,27.4861
626,26.9236
627,26.1597
628,25.4306
629,25.0764
630,24.6250
631,23.9514
632,23.5556
633,22.9097
634,22.7917
635,22.3819
636,21.9583
637,21.5000
638,21.1944
639,20.8958
640,20.3819
641,20.0972
642,19.8750
643,19.4722
644,19.1806
645,18.9792
646,18.8819
647,18.5000
648,18.3472
649,18.1736
650,17.8403
651,17.6528
652,17.4931
653,17.0139
654,16.9306
655,16.8125
656,16.6736
657,16.6389
658,16.4306
659,16.0486
660,16.0347
661,15.8333
662,15.7708
663,15.7222
664,15.4722
665,15.4931
666,15.3403
667,15.2292
668,15.1736
669,15.2083
670,15.1111
671,14.9722
672,14.9097
673,14.8194
674,14.8194
675,14.8125
676,14.8125
677,14.7083
678,14.6944
679,14.4583
680,14.6528
681,14.5486
682,14.6250
683,14.5694
684,14.5139
685,14.5278
686,14.4722
687,14.5069
688,14.6319
689,14.6250
690,14.7569
691,14.6806
692,14.5833
693,14.6458
694,14.7431
695,14.6736
696,14.7708
697,14.8333
698,14.9514
699,14.9375
700,14.8958
701,15.0417
702,15.0903
703,15.1736
704,15.2083
705,15.1806
706,15.3056
707,15.4306
708,15.5347
709,15.4931
710,15.7847
711,15.8333
712,16.0833
713,16.0347
714,16.2361
715,16.3403
716,16.6111
717,16.6111
718,16.7222
719,16.9583
720,17.1736
721,17.4167
722,17.4167
723,17.6736
724,17.9792
725,18.1250
726,18.5347
727,18.8194
728,19.0139
729,19.3750
730,19.4444
731,19.9097
732,20.1181
733,20.5417
734,20.8889
735,21.2083
736,21.6736
737,22.0486
738,22.3889
739,22.8958
740,23.4028
741,23.6806
742,24.2431
743,24.9097
744,25.3194
745,25.9583
746,26.5903
747,27.2639
748,27.8472
749,28.4167
750,29.3681
751,29.9028
752,30.8889
753,31.8264
754,32.4167
755,33.4167
756,34.4514
757,35.4097
758,36.7083
759,37.5347
760,38.7639
761,39.7847
762,41.1528
763,42.7847
764,43.9792
765,45.5417
766,46.9444
767,48.6181
768,50.2917
769,52.0278
770,53.8194
771,55.7292
772,57.7500
773,59.7500
774,62.1042
775,64.4792
776,66.8403
777,69.0347
778,71.7153
779,73.7500
780,75.9792
781,78.0139
782,79.6042
783,81.1875
784,82.8542
785,84.1875
786,85.4444
787,86.6389
788,88.0278
789,88.8889
790,90.0417
791,90.7292
792,91.5139
793,92.5208
794,93.3333
795,93.7708
796,94.2778
797,94.9583
798,95.4861
799,95.7986
800,95.8264
801,95.9722
802,95.9861
803,95.9236
804,95.6319
805,95.4514
806,95.0347
807,94.5694
808,93.9583
809,93.1806
810,92.3264
811,91.4306
812,90.4722
813,89.3750
814,88.3958
815,87.0903
816,85.5278
817,84.0556
818,82.4444
819,80.9375
820,79.1597
821,77.4722
822,75.3472
823,73.3194
824,71.2431
825,69.0069
826,66.3403
827,63.1528
828,59.9167
829,56.9028
830,54.3958
831,52.1667
832,50.2361
833,48.1597
834,46.2222
835,44.5833
836,43.1806
837,41.3472
838,40.0347
839,38.9583
840,37.6042
841,36.6181
842,35.1944
843,34.1736
844,33.0069
845,32.2986
846,31.3056
847,30.5208
848,29.5208
849,28.8125
850,27.9792
851,27.3333
852,26.7639
853,26.1111
854,25.5764
855,25.1458
856,24.6736
857,24.2361
858,23.9097
859,23.4653
860,23.1736
861,22.6389
862,22.1736
863,21.7986
864,21.3819
865,21.2778
866,20.7708
867,20.4375
868,20.0139
869,19.8333
870,19.5625
871,19.2639
872,19.0208
873,18.7708
874,18.5764
875,18.2222
876,18.1389
877,17.9375
878,17.8194
879,17.5000
880,17.3889
881,17.3264
882,17.0000
883,16.9028
884,16.7014
885,16.6458
886,16.5417
887,16.3542
888,16.1458
889,16.1875
890,16.0625
891,15.8958
892,15.8542
893,15.8403
894,15.6319
895,15.6875
896,15.4722
897,15.3403
898,15.4306
899,15.3472
900,15.4722
901,15.3611
902,15.1875
903,15.2778
904,15.2500
905,15.1250
906,15.0833
907,15.1250
908,15.2222
909,15.1736
910,15.0208
911,15.1042
912,15.0625
913,15.2153
914,15.2500
915,15.1875
916,15.2222
917,15.0833
918,15.1667
919,15.2083
920,15.2014
921,15.2222
922,15.4167
923,15.3889
924,15.5208
925,15.3056
926,15.5764
927,15.5278
928,15.5069
929,15.6597
930,15.7083
931,15.8958
932,15.8681
933,15.9861
934,16.1319
935,16.2986
936,16.3194
937,16.5208
938,16.6458
939,16.7986
940,16.9028
941,17.0417
942,17.1389
943,17.3403
944,17.5417
945,17.6667
946,17.8264
947,18.0903
948,18.3194
949,18.5556
950,18.6944
951,18.9861
952,19.1597
953,19.5278
954,19.7431
955,20.0417
956,20.4236
957,20.7361
958,21.1528
959,21.2569
960,21.6806
961,21.9306
962,22.3958
963,22.7986
964,23.2292
965,23.6597
966,24.1042
967,24.6736
968,25.0972
969,25.4236
970,26.1458
971,26.9722
972,27.2847
973,28.0347
974,28.7361
975,29.2014
976,29.9444
977,30.8958
978,31.6944
979,32.3542
980,33.4722
981,34.2917
982,35.1042
983,36.2569
984,37.1111
985,38.3194
986,39.4306
987,40.7917
988,41.9514
989,43.0417
990,44.5903
991,46.0347
992,47.6389
993,49.1319
994,50.6736
995,52.6250
996,54.7014
997,56.7014
998,58.2292
999,60.5278
1000,63.1319
1001,65.1875
1002,67.5208
1003,70.0139
1004,72.3681
1005,75.3125
1006,77.0972
1007,78.9167
1008,80.7778
1009,82.3125
1010,83.7847
1011,85.2361
1012,86.6458
1013,87.9583
1014,89.0903
1015,90.1875
1016,91.2500
1017,92.2222
1018,93.1389
1019,93.9306
1020,94.7292
1021,95.3611
1022,96.0694
1023,96.7500
1024,97.1181
1025,97.3819
1026,97.8472
1027,97.8958
1028,98.0903
1029,98.2569
1030,98.2778
1031,97.8750
1032,97.3958
1033,97.1458
1034,96.8542
1035,96.2778
1036,95.5486
1037,94.6319
1038,93.7083
1039,92.7292
1040,91.5278
1041,90.6528
1042,89.0347
1043,87.8472
1044,86.3958
1045,84.8056
1046,82.8472
1047,81.2847
1048,79.5069
1049,77.6875
1050,75.4306
1051,73.4375
1052,70.9236
1053,67.5556
1054,64.1042
1055,61.2431
1056,58.4583
1057,55.7500
1058,53.7292
1059,51.3958
1060,49.2708
1061,47.1250
1062,45.5208
1063,43.8889
1064,42.5417
1065,41.0486
1066,39.8681
1067,38.3403
1068,37.2569
1069,36.0278
1070,34.8125
1071,33.8472
1072,32.7361
1073,31.7361
1074,30.9653
1075,30.1736
1076,29.2917
1077,28.4861
1078,27.8958
1079,27.3958
1080,26.7083
1081,26.0417
1082,25.4931
1083,25.2153
1084,24.6111
1085,24.2083
1086,23.9861
1087,23.4236
1088,23.1597
1089,22.5556
1090,22.2292
1091,22.0069
1092,21.4722
1093,21.0972
1094,20.8750
1095,20.4583
1096,20.2569
1097,19.9861
1098,19.7361
1099,19.4931
1100,19.2014
1101,18.8403
1102,18.6736
1103,18.5139
1104,18.1528
1105,17.9861
1106,17.8194
1107,17.7014
1108,17.5833
1109,17.3056
1110,17.1736
1111,17.0486
1112,16.9097
1113,16.6944
1114,16.5903
1115,16.4583
1116,16.2431
1117,16.1944
1118,16.0278
1119,16.0417
1120,15.9583
1121,15.7847
1122,15.5903
1123,15.6458
1124,15.5417
1125,15.5556
1126,15.4583
1127,15.3681
1128,15.3194
1129,15.3194
1130,15.3472
1131,15.1389
1132,15.1250
1133,15.2292
1134,15.1875
1135,15.0764
1136,14.9653
1137,15.0764
1138,15.0208
1139,15.0694
1140,15.2639
1141,15.1528
1142,15.1042
1143,15.0764
1144,15.1389
1145,15.2500
1146,15.1667
1147,15.2361
1148,15.3333
1149,15.1944
1150,15.2569
1151,15.2153
1152,15.3194
1153,15.3542
1154,15.5139
1155,15.5625
1156,15.5069
1157,15.5278
1158,15.6528
1159,15.7153
1160,15.8750
1161,16.0278
1162,16.1597
1163,16.1319
1164,16.1181
1165,16.2639
1166,16.4653
1167,16.5486
1168,16.6736
1169,16.9236
1170,17.0625
1171,17.1458
1172,17.2153
1173,17.2569
1174,17.6111
1175,17.7847
1176,18.0000
1177,18.0278
1178,18.4236
1179,18.4861
1180,18.7778
1181,19.2917
1182,19.3819
1183,19.6528
1184,20.0903
1185,20.2431
1186,20.5903
1187,21.0694
1188,21.3750
1189,21.6181
1190,22.0625
1191,22.3958
1192,22.5417
1193,23.0278
1194,23.6250
1195,24.0903
1196,24.4931
1197,25.0347
1198,25.4236
1199,26.0347
1200,26.6250
1201,27.3333
1202,27.9722
1203,28.6042
1204,29.2153
1205,29.9792
1206,30.8611
1207,31.4167
1208,32.1736
1209,33.1181
1210,34.1389
1211,35.0208
1212,35.8750
1213,37.1667
1214,37.9931
1215,39.1042
1216,40.1042
1217,41.3750
1218,42.5764
1219,44.1250
1220,45.8264
1221,47.1806
1222,48.7847
1223,50.5903
1224,52.0139
1225,53.8333
1226,55.3333
1227,57.4236
1228,59.3194
1229,61.2639
1230,63.4583
1231,65.4097
1232,68.1042
1233,70.4583
1234,72.9375
1235,76.1181
1236,77.0278
1237,78.7778
1238,80.7917
1239,82.5069
1240,83.9514
1241,85.5069
1242,86.8542
1243,88.2292
1244,89.4861
1245,90.5347
1246,91.7778
1247,92.8542
1248,93.6806
1249,94.1181
1250,95.0278
1251,95.7917
1252,96.3889
1253,96.8819
1254,97.3958
1255,97.7153
1256,98.0347
1257,98.1597
1258,98.3819
1259,98.4167
1260,98.1597
1261,98.0972
1262,97.8333
1263,97.4583
1264,97.0278
1265,96.4722
1266,95.7292
1267,94.5833
1268,93.5972
1269,92.7569
1270,91.7708
1271,90.3194
1272,89.2917
1273,87.5903
1274,86.1181
1275,84.3194
1276,82.7708
1277,81.1111
1278,79.1528
1279,77.2083
1280,74.8403
1281,72.4583
1282,69.8542
1283,66.6597
1284,63.6528
1285,60.3264
1286,57.4653
1287,54.6458
1288,52.3681
1289,50.2778
1290,48.2778
1291,46.4306
1292,44.5625
1293,43.1319
1294,41.5417
1295,39.9444
1296,39.0694
1297,37.7014
1298,36.5972
1299,35.2500
1300,34.4167
1301,33.3889
1302,32.2917
1303,31.3958
1304,30.3542
1305,29.4583
1306,28.9236
1307,28.2431
1308,27.3542
1309,26.8056
1310,26.4028
1311,25.5556
1312,25.2222
1313,24.8611
1314,24.3125
1315,24.0694
1316,23.6042
1317,23.2500
1318,22.7986
1319,22.3472
1320,22.1736
1321,21.7083
1322,21.2847
1323,21.0208
1324,20.5417
1325,20.1875
1326,19.8056
1327,19.5278
1328,19.2083
1329,19.0069
1330,18.6667
1331,18.3750
1332,18.3472
1333,18.1736
1334,17.8958
1335,17.5069
1336,17.5972
1337,17.5000
1338,17.3681
1339,17.1667
1340,16.8958
1341,16.8889
1342,16.8472
1343,16.6528
1344,16.5208
1345,16.2083
1346,16.1458
1347,15.9653
1348,15.8958
1349,15.7361
1350,15.7014
1351,15.6736
1352,15.4444
1353,15.4306
1354,15.3333
1355,15.3889
1356,15.2222
1357,15.3403
1358,15.4097
1359,15.0833
1360,15.0556
1361,15.1528
1362,14.8681
1363,14.8889
1364,14.9097
1365,14.7847
1366,14.7986
1367,14.7222
1368,14.8333
1369,14.8750
1370,14.9167
1371,14.7986
1372,14.8611
1373,14.7153
1374,14.7847
1375,14.7986
1376,14.7222
1377,14.6181
1378,14.8056
1379,14.9792
1380,14.9722
1381,15.0139
1382,15.0069
1383,15.1250
1384,15.1736
1385,15.1181
1386,15.1528
1387,15.1458
1388,15.3403
1389,15.4861
1390,15.5625
1391,15.5347
1392,15.6319
1393,15.6944
1394,15.7431
1395,15.6806
1396,15.8819
1397,15.9583
1398,16.2361
1399,16.3125
1400,16.4444
1401,16.5347
1402,16.7361
1403,16.7917
1404,16.8611
1405,17.1389
1406,17.2639
1407,17.5208
1408,17.8056
1409,17.9514
1410,17.9306
1411,18.3194
1412,18.4653
1413,18.6806
1414,18.9583
1415,19.2569
1416,19.5764
1417,19.8056
1418,20.0764
1419,20.4583
1420,20.8125
1421,21.0208
1422,21.3750
1423,21.5833
1424,22.2014
1425,22.7778
1426,23.0000
1427,23.3611
1428,23.8611
1429,24.2847
1430,24.7847
1431,25.4167
1432,25.8472
1433,26.4792
1434,27.1319
1435,27.9167
1436,28.4583
1437,28.8194
1438,29.6875
1439,30.3819
1440,31.2431
1441,32.1250
1442,33.0486
1443,33.7431
1444,34.7917
1445,35.7569
1446,36.8542
1447,38.0069
1448,38.8889
1449,40.2917
1450,41.5278
1451,42.6875
1452,44.3333
1453,46.0069
1454,47.1319
1455,48.3681
1456,50.1181
1457,51.9306
1458,53.5347
1459,55.3750
1460,57.4097
1461,59.3681
1462,61.4514
1463,63.4653
1464,65.8194
1465,68.2986
1466,70.7500
1467,73.0486
1468,74.6736
1469,77.0208
1470,79.0625
1471,80.6389
1472,82.3403
1473,83.5625
1474,84.7917
1475,86.1319
1476,87.5694
1477,88.7986
1478,90.1250
1479,91.1944
1480,92.1250
1481,93.2708
1482,93.9306
1483,94.8056
1484,95.5486
1485,96.2708
1486,96.9097
1487,97.4514
1488,97.7917
1489,98.1597
1490,98.5972
1491,98.9444
1492,98.8403
1493,99.0486
1494,98.9514
1495,98.6736
1496,98.2222
1497,98.1181
1498,97.5139
1499,96.6528
1500,95.8681
1501,94.7986
1502,93.5486
1503,92.4792
1504,91.3056
1505,90.1458
1506,88.6181
1507,86.9653
1508,85.4097
1509,83.5208
1510,81.7986
1511,79.7917
1512,77.9167
1513,75.6667
1514,73.5417
1515,70.7153
1516,67.3403
1517,64.4375
1518,61.0486
1519,58.0278
1520,55.5139
1521,53.3750
1522,50.9792
1523,49.1111
1524,46.9931
1525,45.4097
1526,43.7083
1527,42.2222
1528,40.6528
1529,39.4861
1530,38.1458
1531,37.1319
1532,35.9861
1533,34.7361
1534,33.9444
1535,32.8125
1536,31.8472
1537,31.0625
1538,29.7986
1539,29.3819
1540,28.7153
1541,27.9444
1542,27.1597
1543,26.6875
1544,26.1458
1545,25.7153
1546,25.0278
1547,24.5278
1548,24.2569
1549,23.8819
1550,23.4583
1551,22.8194
1552,22.6389
1553,22.2986
1554,21.9306
1555,21.5694
1556,21.1875
1557,20.8194
1558,20.4861
1559,20.2083
1560,19.9583
1561,19.5833
1562,19.4653
1563,19.0903
1564,18.8056
1565,18.6806
1566,18.3611
1567,18.1111
1568,17.8333
1569,17.6181
1570,17.5694
1571,17.3681
1572,17.1597
1573,17.0417
1574,16.9861
1575,16.9861
1576,16.6667
1577,16.6736
1578,16.4028
1579,16.2778
1580,16.2708
1581,15.9167
1582,15.9236
1583,15.8889
1584,15.7292
1585,15.5556
1586,15.6597
1587,15.5903
1588,15.3681
1589,15.1944
1590,15.2222
1591,15.3125
1592,15.1736
1593,15.1111
1594,15.0417
1595,15.0000
1596,15.0069
1597,15.1181
1598,15.0208
1599,14.9375
1600,14.8333
1601,14.8194
1602,14.7361
1603,14.7431
1604,14.7986
1605,14.8264
1606,14.8403
1607,14.6528
1608,14.6944
1609,14.7222
1610,14.7292
1611,14.7986
1612,14.7917
1613,14.8889
1614,14.8125
1615,14.8472
1616,14.8750
1617,15.1250
1618,15.1181
1619,14.8681
1620,14.9097
1621,15.1042
1622,15.0972
1623,15.2500
1624,15.3750
1625,15.4306
1626,15.5625
1627,15.4792
1628,15.5139
1629,15.6181
1630,16.0347
1631,15.8611
1632,16.1528
1633,16.3403
1634,16.3264
1635,16.5486
1636,16.5347
1637,16.6667
1638,16.9236
1639,17.0278
1640,17.4375
1641,17.4722
1642,17.6667
1643,17.8194
1644,17.9167
1645,18.2917
1646,18.5417
1647,18.7292
1648,18.9306
1649,19.3819
1650,19.5833
1651,19.5903
1652,20.0903
1653,20.3264
1654,20.6389
1655,21.0556
1656,21.3125
1657,21.7014
1658,22.0139
1659,22.6111
1660,22.9792
1661,23.4653
1662,23.8958
1663,24.2083
1664,24.4375
1665,24.9236
1666,25.7361
1667,26.2639
1668,26.8681
1669,27.4306
1670,27.8056
1671,28.5625
1672,29.2153
1673,29.9444
1674,30.6667
1675,31.3611
1676,31.9028
1677,32.6250
1678,33.4306
1679,34.4861
1680,35.4097
1681,36.2569
1682,37.6736
1683,38.9028
1684,40.2847
1685,41.1458
1686,42.2014
1687,43.5208
1688,44.7986
1689,45.8403
1690,46.9722
1691,48.8611
1692,50.5069
1693,52.2986
1694,54.0069
1695,56.3472
1696,58.5208
1697,60.6944
1698,62.9375
1699,65.6042
1700,68.0694
1701,70.1667
1702,72.4097
1703,74.4514
1704,76.3542
1705,78.0069
1706,79.6528
1707,81.2986
1708,82.8125
1709,84.4028
1710,86.0764
1711,87.8333
1712,89.2361
1713,90.6736
1714,92.0486
1715,93.2292
1716,94.6875
1717,95.4306
1718,96.5486
1719,97.5208
1720,98.3750
1721,99.2153
1722,99.9167
1723,100.4653
1724,100.9583
1725,101.5417
1726,101.8403
1727,101.9375
1728,102.0208
1729,101.8403
1730,101.6042
1731,101.4167
1732,100.8611
1733,100.5208
1734,100.0903
1735,99.1667
1736,98.2708
1737,97.2778
1738,96.1806
1739,95.1181
1740,93.9167
1741,92.6528
1742,91.3403
1743,89.8958
1744,88.5069
1745,86.8403
1746,84.8056
1747,83.0556
1748,81.0903
1749,78.7708
1750,76.2292
1751,73.5764
1752,70.3681
1753,66.6042
1754,63.1458
1755,60.6319
1756,58.0069
1757,55.2917
1758,52.6250
1759,50.6111
1760,48.5694
1761,46.7431
1762,44.8403
1763,43.3542
1764,42.0764
1765,40.8611
1766,39.7083
1767,38.3264
1768,36.9028
1769,35.7292
1770,34.5625
1771,33.5000
1772,32.1528
1773,31.0347
1774,30.2222
1775,29.1250
1776,27.9722
1777,26.9583
1778,26.2361
1779,25.4306
1780,24.6597
1781,24.1458
1782,23.5208
1783,22.8958
1784,22.5625
1785,21.8681
1786,21.2500
1787,21.2847
1788,20.8194
1789,20.6042
1790,20.3264
1791,19.9028
1792,19.8333
1793,19.7778
1794,19.5139
1795,19.4792
1796,19.3750
1797,19.3125
1798,18.9653
1799,18.9653
1800,18.8264
1801,18.5139
1802,18.2292
1803,17.9444
1804,17.5764
1805,17.3194
1806,17.0347
1807,16.5278
1808,16.3750
1809,16.1111
1810,15.9028
1811,15.6806
1812,15.5486
1813,15.1181
1814,15.0694
1815,14.8333
1816,14.8542
1817,14.6736
1818,14.5417
1819,14.3403
1820,14.1181
1821,14.0694
1822,14.0347
1823,13.8125
1824,13.8472
1825,13.7361
1826,13.6111
1827,13.5417
1828,13.7778
1829,13.5833
1830,13.6667
1831,13.9028
1832,13.9583
1833,14.0347
1834,14.0556
1835,14.0764
1836,14.0139
1837,14.0139
1838,14.1111
1839,14.0208
1840,14.0556
1841,14.0764
1842,14.0556
1843,14.1181
1844,14.0556
1845,13.8542
1846,13.9236
1847,13.8611
1848,13.8194
1849,13.7639
1850,13.5556
1851,13.5972
1852,13.5556
1853,13.6736
1854,13.7917
1855,14.0278
1856,14.0486
1857,14.4444
1858,14.4931
1859,14.6944
1860,14.9931
1861,15.3125
1862,15.4931
1863,15.6736
1864,15.7917
1865,16.0694
1866,16.1736
1867,16.2708
1868,16.3333
1869,16.4167
1870,16.5764
1871,16.8542
1872,16.9792
1873,17.2639
1874,17.2014
1875,17.3889
1876,17.4306
1877,17.5694
1878,17.5972
1879,17.6528
1880,17.6458
1881,17.9583
1882,17.7222
1883,17.8750
1884,17.9514
1885,18.1458
1886,18.4931
1887,18.7083
1888,19.1111
1889,19.4236
1890,19.8819
1891,20.2778
1892,20.5417
1893,21.0069
1894,21.3819
1895,21.6944
1896,22.2847
1897,22.5764
1898,22.9861
1899,23.1667
1900,23.2014
1901,23.4375
1902,24.0694
1903,24.4375
1904,24.9375
1905,25.3542
1906,25.7222
1907,26.3889
1908,26.9861
1909,27.8542
1910,28.6111
1911,29.2708
1912,29.9931
1913,30.6875
1914,31.2361
1915,31.6111
1916,32.2431
1917,33.2083
1918,33.9653
1919,35.0139
1920,35.8611
1921,36.8889
1922,38.1111
1923,39.4097
1924,40.4722
1925,41.6736
1926,42.9514
1927,44.2986
1928,45.6389
1929,47.0694
1930,48.8750
1931,50.3333
1932,51.8681
1933,53.5833
1934,55.0208
1935,56.8889
1936,59.2778
1937,61.2431
1938,63.3264
1939,65.4167
1940,67.9514
1941,70.2639
1942,72.8125
1943,75.0000
1944,77.0556
1945,78.8264
1946,80.8750
1947,82.4722
1948,83.9653
1949,85.5833
1950,87.0069
1951,88.3542
1952,89.7708
1953,90.9028
1954,92.4653
1955,93.6181
1956,94.8056
1957,95.6042
1958,96.5486
1959,97.3194
1960,98.0972
1961,99.1111
1962,99.9097
1963,100.6111
1964,100.9653
1965,101.4514
1966,101.6806
1967,101.9792
1968,101.8333
1969,102.2569
1970,102.2014
1971,101.9792
1972,101.5347
1973,101.2431
1974,100.5972
1975,100.2917
1976,99.5556
1977,98.7847
1978,97.8472
1979,96.5625
1980,95.3542
1981,93.9931
1982,92.8542
1983,91.7639
1984,89.8264
1985,88.0556
1986,86.1042
1987,84.5000
1988,82.6944
1989,80.5417
1990,78.0556
1991,75.7917
1992,73.0139
1993,69.9375
1994,66.4514
1995,63.4444
1996,60.5972
1997,57.9097
1998,55.4028
1999,52.8542
2000,50.9306
2001,48.9028
2002,47.2639
2003,45.1667
2004,43.7847
2005,42.3056
2006,40.9306
2007,39.7847
2008,38.6042
2009,37.5208
2010,35.9097
2011,35.0139
2012,34.0625
2013,33.0694
2014,32.0417
2015,31.0903
2016,30.3542
2017,29.4931
2018,28.8125
2019,28.0972
2020,27.4514
2021,26.8750
2022,26.4306
2023,25.7569
2024,25.2778
2025,24.8403
2026,24.4028
2027,23.8472
2028,23.3542
2029,23.2569
2030,22.6458
2031,22.3472
2032,22.0000
2033,21.6944
2034,21.3125
2035,21.0625
2036,20.7847
2037,20.6458
2038,20.1667
2039,20.0208
2040,19.6736
2041,19.4722
2042,19.0208
2043,18.9653
2044,18.7500
2045,18.6111
2046,18.2639
2047,18.1458
2048,18.0208
2049,17.7361
2050,17.6111
2051,17.5139
2052,17.3750
2053,17.2500
2054,16.9931
2055,16.9444
2056,16.7014
2057,16.5139
2058,16.4583
2059,16.3472
2060,16.1806
2061,16.0972
2062,16.0486
2063,15.8958
2064,15.7500
2065,15.6736
2066,15.6875
2067,15.6667
2068,15.5069
2069,15.3958
2070,15.3542
2071,15.2361
2072,15.2569
2073,15.2569
2074,14.9931
2075,15.1042
2076,15.0000
2077,15.0069
2078,14.8750
2079,14.7500
2080,14.9028
2081,14.9028
2082,14.7917
2083,14.8403
2084,14.7778
2085,14.6875
2086,14.6806
2087,14.7847
2088,14.7014
2089,14.7986
2090,14.9306
2091,14.9583
2092,14.8889
2093,14.7986
2094,14.7153
2095,14.7500
2096,14.8264
2097,14.8403
2098,14.8264
2099,14.8403
2100,14.8056
2101,15.1250
2102,15.1875
2103,15.2153
2104,15.2014
2105,15.1875
2106,15.4306
2107,15.4861
2108,15.6528
2109,15.5903
2110,15.7500
2111,15.8403
2112,16.0278
2113,16.0486
2114,16.1111
2115,16.3056
2116,16.2778
2117,16.5278
2118,16.5694
2119,16.7986
2120,16.7639
2121,17.0069
2122,17.2431
2123,17.4861
2124,17.5972
2125,17.8958
2126,18.0556
2127,18.4097
2128,18.4236
2129,18.5903
2130,18.7500
2131,19.1806
2132,19.4028
2133,19.7083
2134,19.9583
2135,20.0903
2136,20.1597
2137,20.5972
2138,21.2153
2139,21.4097
2140,21.8472
2141,22.1389
2142,22.4931
2143,22.9375
2144,23.2569
2145,23.7569
2146,24.3403
2147,24.4792
2148,25.2569
2149,25.8333
2150,26.2222
2151,26.8681
2152,27.4236
2153,28.1250
2154,28.5556
2155,29.3611
2156,30.0417
2157,30.8889
2158,31.7083
2159,32.6458
2160,33.3819
2161,34.2361
2162,35.2847
2163,36.3819
2164,36.8542
2165,38.0486
2166,39.4236
2167,40.6042
2168,41.7917
2169,42.6875
2170,44.2222
2171,45.8125
2172,46.8472
2173,48.3403
2174,50.2986
2175,52.0833
2176,53.5347
2177,55.4653
2178,56.9861
2179,59.3194
2180,61.1042
2181,63.5000
2182,65.7778
2183,67.8819
2184,70.3472
2185,72.4931
2186,74.4931
2187,76.5347
2188,78.5625
2189,80.5139
2190,81.9583
2191,83.5625
2192,85.0833
2193,86.6389
2194,87.8472
2195,89.5069
2196,90.5486
2197,91.8403
2198,92.8889
2199,93.9583
2200,95.0278
2201,96.4583
2202,97.2917
2203,98.0833
2204,98.9514
2205,99.6389
2206,100.4306
2207,100.9653
2208,101.3403
2209,101.9097
2210,102.3264
2211,102.6528
2212,102.6111
2213,102.7917
2214,102.6458
2215,102.4931
2216,102.2639
2217,101.7778
2218,101.4792
2219,100.7083
2220,100.0625
2221,99.0278
2222,98.3264
2223,97.2847
2224,96.1458
2225,95.0000
2226,93.6389
2227,91.8958
2228,90.5278
2229,88.7569
2230,87.3750
2231,85.5069
2232,83.3194
2233,81.2569
2234,78.8889
2235,76.4514
2236,73.6389
2237,70.1181
2238,67.1528
2239,64.2639
2240,61.2778
2241,58.3819
2242,55.8194
2243,53.2778
2244,51.2500
2245,49.4653
2246,47.7500
2247,45.9097
2248,44.3194
2249,42.9722
2250,41.5000
2251,40.2708
2252,38.8611
2253,37.6389
2254,36.6111
2255,35.4861
2256,34.1458
2257,33.2986
2258,32.5556
2259,31.5972
2260,30.5208
2261,29.8056
2262,29.3125
2263,28.5347
2264,27.6458
2265,27.1458
2266,26.5347
2267,26.0347
2268,25.3542
2269,25.2153
2270,24.6319
2271,24.2639
2272,24.0417
2273,23.3542
2274,22.9375
2275,22.6875
2276,22.2083
2277,22.1319
2278,21.5278
2279,21.2361
2280,20.8403
2281,20.5486
2282,20.2361
2283,20.0347
2284,19.7778
2285,19.5417
2286,19.1597
2287,19.2083
2288,18.8056
2289,18.4375
2290,18.5625
2291,18.3958
2292,18.1042
2293,18.0208
2294,17.5972
2295,17.5347
2296,17.5556
2297,17.1944
2298,17.1111
2299,16.8542
2300,16.8889
2301,16.4861
2302,16.4306
2303,16.2361
2304,16.2778
2305,16.0972
2306,16.0347
2307,15.9583
2308,15.8889
2309,15.7361
2310,15.6597
2311,15.5694
2312,15.4792
2313,15.4792
2314,15.4097
2315,15.1944
2316,15.3403
2317,15.0764
2318,15.1042
2319,15.1528
2320,14.8958
2321,15.0556
2322,14.9375
2323,14.8333
2324,14.8819
2325,14.7639
2326,14.7361
2327,14.8056
2328,14.8333
2329,14.7986
2330,14.7431
2331,14.7361
2332,14.8125
2333,14.7639
2334,14.6875
2335,14.6458
2336,14.5764
2337,14.6319
2338,14.6806
2339,14.6736
2340,14.6389
2341,14.7500
2342,14.5972
2343,14.7500
2344,14.7778
2345,14.8403
2346,14.8194
2347,14.8611
2348,14.9097
2349,15.0139
2350,15.0486
2351,15.1181
2352,15.2847
2353,15.2917
2354,15.2847
2355,15.4097
2356,15.4722
2357,15.5625
2358,15.7292
2359,15.7361
2360,15.9792
2361,16.1181
2362,16.1875
2363,16.4375
2364,16.5833
2365,16.7569
2366,16.8403
2367,16.9375
2368,17.2361
2369,17.4167
2370,17.5694
2371,17.8889
2372,17.9792
2373,18.1667
2374,18.4722
2375,18.7639
2376,18.9653
2377,19.2222
2378,19.3333
2379,19.7083
2380,19.9306
2381,20.2500
2382,20.1944
2383,20.8542
2384,20.9514
2385,21.2639
2386,21.6667
2387,22.0278
2388,22.1528
2389,22.6250
2390,22.8889
2391,23.2500
2392,23.6458
2393,24.0903
2394,24.4931
2395,25.0764
2396,25.5486
2397,26.0764
2398,26.5694
2399,27.1667
2400,27.8333
2401,28.4167
2402,28.9722
2403,29.9028
2404,30.4375
2405,31.2222
2406,32.0556
2407,32.8125
2408,33.6597
2409,34.7639
2410,35.8681
2411,37.0417
2412,37.6597
2413,38.7708
2414,40.0417
2415,41.1667
2416,42.7083
2417,43.6319
2418,45.0347
2419,46.6319
2420,47.9306
2421,49.1319
2422,50.8542
2423,52.6319
2424,55.8889
2425,56.2500
2426,58.2222
2427,60.0278
2428,61.8125
2429,64.1389
2430,66.2986
2431,68.8264
2432,70.9792
2433,73.2014
2434,75.2778
2435,77.3611
2436,79.2292
2437,80.8819
2438,82.5556
2439,84.2569
2440,85.6736
2441,86.9236
2442,88.2917
2443,89.5278
2444,90.6319
2445,91.8889
2446,93.1250
2447,93.9931
2448,95.3194
2449,96.4375
2450,97.1875
2451,98.0556
2452,98.7778
2453,99.4722
2454,100.1875
2455,100.5972
2456,101.1458
2457,101.3542
2458,101.9236
2459,101.8264
2460,102.1736
2461,102.0208
2462,101.8750
2463,101.5625
2464,101.1806
2465,100.7708
2466,100.0347
2467,99.5833
2468,98.6319
2469,98.0139
2470,97.0833
2471,96.2014
2472,95.1111
2473,93.8819
2474,92.7361
2475,91.1806
2476,89.6111
2477,87.8264
2478,85.7847
2479,84.1806
2480,82.1111
2481,80.0764
2482,77.8403
2483,75.0903
2484,71.8819
2485,68.5833
2486,65.1528
2487,62.1806
2488,59.6458
2489,56.8958
2490,54.5208
2491,52.5347
2492,50.0972
2493,48.3056
2494,46.5694
2495,44.9583
2496,43.1319
2497,42.0764
2498,40.6528
2499,39.6597
2500,38.3125
2501,37.1667
2502,35.8542
2503,35.1181
2504,33.4097
2505,32.5069
2506,31.7292
2507,30.9722
2508,30.1389
2509,29.1806
2510,28.4861
2511,27.9028
2512,27.2708
2513,26.6597
2514,26.2014
2515,25.6111
2516,25.1458
2517,24.6944
2518,24.0417
2519,23.7778
2520,23.3611
2521,22.6319
2522,22.5278
2523,22.0694
2524,21.7847
2525,21.2708
2526,21.0139
2527,20.8750
2528,20.4236
2529,20.1528
2530,19.9514
2531,19.7569
2532,19.5417
2533,19.3403
2534,18.9931
2535,18.8472
2536,18.5208
2537,18.3194
2538,17.8889
2539,17.8819
2540,17.6319
2541,17.5278
2542,17.4306
2543,17.2431
2544,17.1042
2545,16.8333
2546,16.6806
2547,16.6250
2548,16.5556
2549,16.4861
2550,16.2847
2551,16.0833
2552,15.9097
2553,16.0903
2554,15.8333
2555,15.8472
2556,15.5972
2557,15.4514
2558,15.5069
2559,15.2917
2560,15.3333
2561,15.1875
2562,15.0417
2563,14.9861
2564,15.0556
2565,14.8542
2566,14.9097
2567,14.7778
2568,14.8819
2569,14.7153
2570,14.7569
2571,14.5347
2572,14.4722
2573,14.5694
2574,14.5139
2575,14.6042
2576,14.5139
2577,14.4375
2578,14.2569
2579,14.3958
2580,14.3472
2581,14.4653
2582,14.4236
2583,14.4514
2584,14.3472
2585,14.3542
2586,14.4861
2587,14.4792
2588,14.3819
2589,14.2917
2590,14.4514
2591,14.3403
2592,14.4931
2593,14.4028
2594,14.4514
2595,14.4306
2596,14.6111
2597,14.7361
2598,14.8403
2599,14.6181
2600,14.7083
2601,14.8264
2602,14.8125
2603,14.9931
2604,15.0139
2605,15.1944
2606,15.1944
2607,15.4444
2608,15.4583
2609,15.5486
2610,15.6597
2611,15.8542
2612,15.8333
2613,16.0972
2614,16.1875
2615,16.3472
2616,16.6042
2617,16.6667
2618,16.8681
2619,17.0556
2620,17.3819
2621,17.3958
2622,17.8472
2623,17.8542
2624,17.9444
2625,18.2014
2626,18.4236
2627,18.5486
2628,18.7708
2629,19.1667
2630,19.0625
2631,19.5139
2632,19.7847
2633,20.0625
2634,20.2361
2635,20.4583
2636,20.7361
2637,21.0764
2638,21.4028
2639,21.8333
2640,22.1181
2641,22.3194
2642,22.7708
2643,23.3542
2644,23.6944
2645,24.0972
2646,24.7847
2647,25.2292
2648,25.4931
2649,26.2778
2650,26.8889
2651,27.2639
2652,27.9306
2653,28.6458
2654,29.2986
2655,30.0625
2656,31.0069
2657,31.7500
2658,32.4792
2659,33.5208
2660,34.3056
2661,35.4306
2662,36.2083
2663,37.0972
2664,38.2708
2665,39.2083
2666,40.2083
2667,41.4306
2668,42.5694
2669,44.2847
2670,45.4236
2671,46.9375
2672,48.3542
2673,49.5486
2674,51.0903
2675,52.9583
2676,54.5347
2677,56.6111
2678,58.3194
2679,59.8472
2680,62.0972
2681,63.9861
2682,66.1875
2683,68.6042
2684,70.6458
2685,73.5139
2686,75.1458
2687,77.2361
2688,78.6528
2689,80.6111
2690,81.8750
2691,83.7431
2692,84.9097
2693,86.2847
2694,87.8542
2695,89.0903
2696,90.3819
2697,91.5139
2698,92.6111
2699,93.8333
2700,94.7917
2701,95.6458
2702,96.5208
2703,97.0903
2704,97.8194
2705,98.5208
2706,98.9514
2707,99.4514
2708,100.0000
2709,100.5208
2710,100.4653
2711,100.9306
2712,101.2431
2713,101.1389
2714,100.7639
2715,100.7917
2716,100.5069
2717,99.9792
2718,99.4722
2719,99.2083
2720,98.3056
2721,97.3681
2722,96.4931
2723,95.4792
2724,94.1181
2725,92.8750
2726,91.4097
2727,89.9722
2728,88.2500
2729,86.5069
2730,85.2014
2731,83.2222
2732,80.9167
2733,79.0139
2734,76.2986
2735,74.0833
2736,70.8958
2737,67.7569
2738,64.1111
2739,61.1389
2740,58.2569
2741,55.6597
2742,52.8958
2743,50.9097
2744,48.6806
2745,46.7708
2746,45.0139
2747,43.4861
2748,41.8611
2749,40.9236
2750,39.6319
2751,38.5347
2752,37.2153
2753,36.1042
2754,34.9931
2755,33.7917
2756,32.9167
2757,31.8333
2758,31.0833
2759,30.2639
2760,29.3611
2761,28.4583
2762,27.7778
2763,27.0625
2764,26.3125
2765,25.7986
2766,25.0764
2767,24.5694
2768,24.2222
2769,23.9167
2770,23.3750
2771,22.9653
2772,22.8819
2773,22.3472
2774,21.9653
2775,21.4028
2776,21.1597
2777,20.7847
2778,20.6875
2779,20.1667
2780,19.9514
2781,19.7361
2782,19.3819
2783,19.0764
2784,18.8194
2785,18.6736
2786,18.5139
2787,18.3264
2788,18.0278
2789,17.9167
2790,17.5972
2791,17.5556
2792,17.6042
2793,17.2708
2794,17.0347
2795,17.0069
2796,16.9028
2797,16.6875
2798,16.5556
2799,16.3958
2800,16.3889
2801,16.1458
2802,15.8333
2803,15.6250
2804,15.7431
2805,15.5833
2806,15.4167
2807,15.3264
2808,15.2569
2809,15.0694
2810,14.9444
2811,14.9792
2812,14.8750
2813,14.8194
2814,14.7222
2815,14.7639
2816,14.5208
2817,14.6806
2818,14.5625
2819,14.4514
2820,14.3264
2821,14.2569
2822,14.1597
2823,14.0972
2824,14.0417
2825,14.2083
2826,13.9583
2827,14.0417
2828,14.0139
2829,13.9722
2830,13.9444
2831,13.9583
2832,13.9097
2833,13.9514
2834,13.8819
2835,14.0139
2836,13.8333
2837,13.8681
2838,13.9583
2839,13.8958
2840,13.8889
2841,13.8472
2842,14.0972
2843,13.8681
2844,14.0694
2845,14.0556
2846,14.0694
2847,14.0764
2848,14.0972
2849,14.1250
2850,14.2222
2851,14.1528
2852,14.2014
2853,14.2361
2854,14.3958
2855,14.3542
2856,14.4583
2857,14.5625
2858,14.5903
2859,14.5556
2860,14.6042
2861,14.8611
2862,14.9931
2863,15.1181
2864,15.1944
2865,15.2153
2866,15.3194
2867,15.5764
2868,15.6806
2869,15.5694
2870,15.8403
2871,15.9792
2872,16.1389
2873,16.2569
2874,16.5069
2875,16.6528
2876,16.8611
2877,17.0903
2878,17.2222
2879,17.4514
2880,17.5694
2881,18.0625
2882,18.0903
2883,18.5208
2884,18.6667
2885,18.9375
2886,19.2500
2887,19.3333
2888,19.7292
2889,20.1458
2890,20.3264
2891,20.7361
2892,20.9306
2893,21.5625
2894,21.7014
2895,22.0764
2896,22.4236
2897,23.2569
2898,23.4306
2899,23.6597
2900,24.1597
2901,24.7014
2902,25.1875
2903,25.6944
2904,25.9861
2905,26.5903
2906,26.9722
2907,29.6944
2908,28.2083
2909,28.8542
2910,29.5278
2911,30.1528
2912,30.8611
2913,31.5972
2914,32.3333
2915,33.1944
2916,34.3125
2917,35.2917
2918,36.1042
2919,36.8472
2920,37.7708
2921,38.9722
2922,40.0069
2923,41.0069
2924,42.3750
2925,43.9583
2926,45.0278
2927,46.7639
2928,48.0833
2929,49.3819
2930,50.8542
2931,52.6389
2932,54.3056
2933,55.8194
2934,57.4792
2935,59.6458
2936,61.9583
2937,64.1944
2938,65.7986
2939,67.9792
2940,70.4236
2941,72.9583
2942,74.9167
2943,76.6389
2944,78.6319
2945,80.5347
2946,82.0347
2947,83.4444
2948,85.1250
2949,86.2847
2950,87.4444
2951,89.1528
2952,90.1250
2953,91.1736
2954,92.2222
2955,93.5347
2956,94.4792
2957,95.3681
2958,96.2778
2959,97.2292
2960,97.7083
2961,98.3958
2962,98.8750
2963,99.7292
2964,100.5208
2965,100.2778
2966,100.5417
2967,100.9028
2968,101.0903
2969,100.7500
2970,100.7431
2971,100.6042
2972,100.1528
2973,99.7292
2974,99.2153
2975,98.7014
2976,97.8056
2977,97.1528
2978,96.1528
2979,95.2014
2980,93.9722
2981,92.6875
2982,91.4375
2983,89.8125
2984,88.1875
2985,86.7778
2986,84.6875
2987,82.9306
2988,80.8264
2989,78.6667
2990,76.4028
2991,73.7222
2992,70.1944
2993,67.0417
2994,63.8681
2995,60.6111
2996,57.9028
2997,55.2222
2998,52.7222
2999,50.2639
3000,48.4236
3001,46.7361
3002,44.7986
3003,43.4722
3004,41.6875
3005,40.2986
3006,39.1111
3007,37.7500
3008,36.5208
3009,35.6528
3010,34.6875
3011,33.6111
3012,32.4167
3013,31.5694
3014,30.9167
3015,30.2361
3016,29.2014
3017,28.6250
3018,27.9514
3019,27.0000
3020,26.3611
3021,25.7986
3022,25.0417
3023,24.7708
3024,24.3681
3025,23.6597
3026,23.0347
3027,22.8681
3028,22.3472
3029,21.8194
3030,21.4444
3031,21.3403
3032,20.8750
3033,20.7014
3034,20.2500
3035,20.0972
3036,19.7986
3037,19.4792
3038,19.0903
3039,18.8958
3040,18.5764
3041,18.4097
3042,18.1528
3043,17.8819
3044,17.7153
3045,17.4236
3046,17.3472
3047,17.2569
3048,16.7500
3049,16.7014
3050,16.5694
3051,16.3958
3052,16.2431
3053,16.0417
3054,15.9167
3055,15.5764
3056,15.5764
3057,15.5069
3058,15.2431
3059,15.2986
3060,15.0764
3061,15.1042
3062,14.8819
3063,14.8125
3064,14.6250
3065,14.5069
3066,14.4722
3067,14.4236
3068,14.4097
3069,14.2569
3070,14.0764
3071,14.0208
3072,14.0069
3073,13.8542
3074,14.0208
3075,13.8056
3076,13.8611
3077,13.6597
3078,13.7292
3079,13.6389