Distance_(pixels),Gray_Value
0,38.2990
1,38.4167
2,38.8088
3,39.2304
4,39.5539
5,40.0980
6,40.3186
7,40.8775
8,41.5098
9,41.9118
10,42.5441
11,42.7598
12,43.3824
13,44.2451
14,44.6961
15,45.6373
16,46.1127
17,46.6225
18,47.0196
19,47.5490
20,47.9069
21,48.4559
22,48.8824
23,49.3578
24,49.7059
25,50.0196
26,50.5980
27,50.8922
28,51.3922
29,51.6127
30,52.2059
31,52.4118
32,52.7157
33,53.2059
34,53.7010
35,54.1373
36,54.5637
37,54.8676
38,55.4608
39,55.7353
40,56.2794
41,56.4804
42,56.8971
43,57.2892
44,57.5931
45,57.9755
46,58.2353
47,58.7990
48,59.1765
49,59.3922
50,59.7500
51,60.1029
52,60.1961
53,60.6569
54,60.7500
55,61.3333
56,61.5147
57,61.7304
58,62.0539
59,62.4069
60,62.8431
61,62.9265
62,63.6078
63,64.0098
64,64.3676
65,65.0833
66,65.3137
67,65.7304
68,66.6814
69,67.2500
70,68.0833
71,68.7794
72,69.6422
73,70.4412
74,71.3382
75,72.3137
76,73.4951
77,74.6667
78,75.8431
79,76.9902
80,78.0882
81,79.1912
82,80.3726
83,81.6618
84,83.0294
85,84.1765
86,85.5147
87,86.8235
88,87.6127
89,88.6324
90,89.5049
91,90.2500
92,90.8235
93,91.1814
94,91.2941
95,91.5490
96,91.1667
97,91.2500
98,91.0049
99,90.4167
100,89.7108
101,88.9853
102,88.4314
103,87.3088
104,86.5980
105,85.5392
106,84.4265
107,83.3726
108,82.2255
109,81.3235
110,80.5686
111,79.7598
112,79.1373
113,78.2402
114,77.3480
115,76.5441
116,75.8431
117,75.2157
118,74.2745
119,73.7892
120,73.4216
121,72.6422
122,72.3137
123,71.7794
124,71.0784
125,70.7402
126,70.5049
127,69.9118
128,69.7304
129,69.2500
130,68.9069
131,68.2843
132,68.1078
133,67.9118
134,67.8235
135,67.4755
136,67.1765
137,66.7500
138,66.8431
139,66.5784
140,66.1765
141,65.9118
142,65.5147
143,65.3431
144,65.2206
145,64.7010
146,64.5343
147,64.1667
148,63.7696
149,63.1275
150,62.8971
151,62.4510
152,61.7353
153,61.3039
154,60.8088
155,60.5490
156,60.2108
157,59.7647
158,59.1471
159,58.6520
160,58.4706
161,57.8676
162,57.1863
163,56.6716
164,55.9804
165,55.0931
166,54.6127
167,53.8775
168,53.4853
169,53.3333
170,52.3529
171,51.3873
172,50.3873
173,49.6225
174,48.8186
175,48.1667
176,47.7990
177,46.8088
178,46.0735
179,45.0833
180,44.8725
181,44.5196
182,43.7549
183,43.0000
184,42.5245
185,42.2647
186,41.9363
187,41.3382
188,40.7990
189,40.7402
190,40.4804
191,40.1863
192,39.4265
193,39.5588
194,39.3382
195,39.1373
196,38.6324
197,38.7451
198,38.5049
199,38.3137
200,38.2010
201,38.3186
202,38.0392
203,38.2598
204,38.2059
205,38.3971
206,37.9118
207,38.3137
208,38.1422
209,38.1520
210,38.3431
211,38.5392
212,38.7598
213,38.5098
214,38.8578
215,39.1029
216,39.1078
217,39.2451
218,39.9363
219,39.9167
220,40.2549
221,40.0539
222,40.8824
223,41.1912
224,41.7059
225,42.1078
226,42.5539
227,43.3627
228,43.6912
229,43.9559
230,44.7647
231,45.2647
232,45.6765
233,46.3382
234,46.4902
235,46.9755
236,47.3676
237,48.0245
238,48.3284
239,48.7549
240,49.1029
241,49.3578
242,49.6716
243,50.2598
244,50.7794
245,51.2745
246,51.4853
247,51.8922
248,52.2696
249,52.6667
250,53.1078
251,53.4559
252,53.9755
253,54.2696
254,55.4265
255,55.2843
256,55.6422
257,56.0245
258,56.5637
259,57.0392
260,57.3627
261,57.7696
262,58.2353
263,58.5931
264,59.0539
265,59.3284
266,59.8480
267,60.1863
268,60.5196
269,60.7451
270,61.0980
271,61.4510
272,61.9216
273,62.1127
274,62.4069
275,62.8137
276,62.8480
277,63.5784
278,63.8039
279,64.2843
280,64.5441
281,64.7500
282,65.0784
283,65.4510
284,66.0392
285,66.4755
286,66.9755
287,67.4608
288,68.2843
289,69.3186
290,69.7696
291,70.4902
292,71.2549
293,72.2157
294,73.1912
295,74.5392
296,75.3333
297,76.4216
298,77.6324
299,78.9314
300,80.1520
301,81.6667
302,83.0343
303,84.3922
304,85.8284
305,86.9804
306,88.5147
307,89.4069
308,90.5098
309,91.5245
310,92.5931
311,93.6716
312,94.0931
313,95.0735
314,95.2108
315,95.7892
316,95.8480
317,95.7500
318,95.2794
319,95.1618
320,94.6226
321,93.8627
322,93.3186
323,92.2059
324,91.2206
325,89.8382
326,88.7990
327,87.8431
328,86.6765
329,85.5490
330,84.6520
331,83.2402
332,82.2696
333,81.2206
334,80.3186
335,79.6912
336,78.7990
337,78.2059
338,77.4314
339,76.6324
340,75.9853
341,75.2059
342,74.5784
343,74.1373
344,73.3382
345,73.2108
346,72.5784
347,72.3235
348,71.5882
349,71.2304
350,70.9559
351,70.5392
352,70.2990
353,70.2108
354,69.8186
355,69.4559
356,69.1127
357,69.0441
358,68.8676
359,68.5833
360,68.2794
361,67.9902
362,67.7696
363,67.3284
364,67.2745
365,66.6765
366,66.5735
367,66.2500
368,65.9216
369,65.5245
370,65.2696
371,64.7549
372,64.3971
373,63.8186
374,63.4657
375,63.1078
376,62.6912
377,62.1078
378,61.6520
379,60.9020
380,60.5686
381,60.0882
382,59.5637
383,58.8627
384,58.4216
385,57.9167
386,57.4020
387,56.7206
388,56.1127
389,55.6618
390,55.0686
391,54.5735
392,54.1716
393,53.4902
394,52.9510
395,51.9902
396,51.6078
397,50.7353
398,50.3971
399,49.6814
400,49.2353
401,48.4314
402,47.8431
403,47.1667
404,46.7892
405,45.8824
406,45.8333
407,44.8578
408,44.3971
409,44.1373
410,43.5392
411,43.0539
412,43.0833
413,42.4363
414,41.7794
415,41.7745
416,41.6029
417,41.1225
418,41.2549
419,40.5784
420,40.6078
421,40.4069
422,40.2353
423,40.0882
424,39.9706
425,39.9412
426,39.7402
427,39.8480
428,39.5392
429,40.0000
430,40.0539
431,39.7647
432,39.6373
433,39.9167
434,40.4510
435,40.3873
436,40.8775
437,40.8088
438,41.2549
439,41.6569
440,41.5588
441,41.7059
442,42.0637
443,42.5294
444,42.9363
445,43.1275
446,43.4902
447,44.3824
448,44.3088
449,44.7255
450,45.1275
451,45.8284
452,46.4559
453,46.4608
454,46.9608
455,47.3431
456,47.5000
457,48.2549
458,48.3578
459,48.8137
460,49.0980
461,49.3971
462,49.8922
463,50.2941
464,50.6324
465,51.3627
466,51.7451
467,52.0882
468,52.6422
469,52.9020
470,53.4265
471,54.1520
472,54.3627
473,54.8529
474,55.2549
475,55.7255
476,56.2059
477,56.8431
478,57.1716
479,57.7206
480,58.0539
481,58.2990
482,59.0196
483,59.5784
484,59.9020
485,60.3627
486,61.0931
487,61.4755
488,61.8873
489,62.1814
490,62.6275
491,63.0147
492,63.3039
493,63.8627
494,64.0294
495,64.4265
496,64.7892
497,65.2451
498,65.9069
499,66.0980
500,66.3186
501,66.4902
502,66.7892
503,67.2598
504,67.6814
505,68.2745
506,68.6765
507,69.2059
508,69.9363
509,70.2010
510,70.6078
511,70.9265
512,71.6422
513,72.5686
514,73.5784
515,74.3676
516,75.4069
517,76.3382
518,77.6716
519,78.7500
520,80.1471
521,81.5392
522,82.7157
523,84.2255
524,85.6226
525,87.1226
526,88.5735
527,90.1127
528,91.6078
529,92.6520
530,94.1765
531,95.2108
532,96.7108
533,97.7353
534,98.7794
535,99.3333
536,100.1078
537,100.9363
538,101.3578
539,101.6618
540,101.5245
541,101.2549
542,101.0098
543,100.3137
544,99.5049
545,98.3186
546,97.6127
547,96.3431
548,95.4657
549,94.0686
550,92.7157
551,91.1961
552,89.7892
553,88.2745
554,87.3922
555,86.2647
556,85.2843
557,83.8824
558,82.7059
559,81.9853
560,80.9265
561,80.3137
562,79.6226
563,78.6814
564,77.7647
565,77.3971
566,76.8971
567,76.3186
568,75.4069
569,75.1520
570,74.6324
571,74.1373
572,73.6961
573,73.3333
574,73.0343
575,72.6226
576,72.1765
577,71.8824
578,71.8774
579,71.3922
580,70.9853
581,71.1029
582,70.5147
583,70.3186
584,70.0980
585,70.0882
586,69.7108
587,69.5245
588,69.1422
589,68.8774
590,68.4755
591,68.0049
592,67.6226
593,67.4363
594,67.0049
595,66.5147
596,66.2255
597,65.5637
598,65.2794
599,64.6667
600,64.2745
601,63.9559
602,63.5833
603,63.0343
604,62.4265
605,61.9363
606,61.4706
607,60.8824
608,60.5343
609,59.6373
610,59.2353
611,58.7304
612,58.1961
613,57.7500
614,57.1961
615,56.5049
616,55.8676
617,55.5098
618,55.0686
619,54.5735
620,54.0196
621,53.6275
622,52.9069
623,52.5931
624,51.8088
625,51.4902
626,51.0784
627,50.6422
628,50.1422
629,49.6029
630,49.0637
631,48.6373
632,47.7696
633,47.2010
634,46.7794
635,46.6225
636,46.2059
637,45.8873
638,45.4118
639,45.4167
640,45.0441
641,44.7010
642,44.5245
643,44.0441
644,43.8971
645,43.8284
646,43.7892
647,43.6471
648,43.4755
649,43.1520
650,43.2304
651,42.9951
652,42.8480
653,42.8529
654,42.5539
655,43.0539
656,42.8627
657,42.9853
658,43.1863
659,43.2402
660,43.6078
661,43.7157
662,43.9412
663,44.1814
664,44.1127
665,44.5441
666,44.5882
667,44.8578
668,45.2255
669,45.5931
670,45.9804
671,46.6667
672,46.8088
673,47.2108
674,47.4020
675,47.9755
676,48.4755
677,48.7304
678,49.1029
679,49.3578
680,49.8971
681,50.2108
682,50.5196
683,50.8627
684,51.5098
685,51.7353
686,52.2745
687,52.6225
688,53.0392
689,53.5588
690,54.0245
691,54.3971
692,54.9118
693,55.3578
694,55.9118
695,56.1667
696,56.8725
697,57.2157
698,57.6520
699,58.1176
700,58.8431
701,59.1961
702,59.5392
703,60.1422
704,60.4510
705,61.0049
706,61.7206
707,62.0343
708,62.6765
709,63.0637
710,63.5784
711,64.0490
712,64.4902
713,64.9510
714,65.5686
715,65.8235
716,66.4608
717,66.5441
718,67.1471
719,67.4412
720,67.8088
721,68.2941
722,68.5343
723,68.9755
724,69.3627
725,69.6667
726,70.0490
727,70.4216
728,70.7696
729,70.9363
730,71.4167
731,71.6961
732,72.3088
733,72.8382
734,73.3922
735,73.7255
736,74.4461
737,75.0686
738,75.7794
739,76.5637
740,77.4559
741,78.5833
742,79.4216
743,80.4167
744,81.6814
745,82.9216
746,84.5490
747,85.7598
748,87.1814
749,88.7794
750,90.2304
751,91.9314
752,93.2353
753,94.8333
754,96.3088
755,97.8088
756,99.3235
757,100.4363
758,101.8578
759,102.9412
760,104.5343
761,105.2598
762,105.8235
763,106.6471
764,106.7451
765,106.9559
766,106.8284
767,106.6176
768,106.2745
769,105.6863
770,104.9363
771,104.0294
772,102.8578
773,101.8382
774,100.6471
775,99.0784
776,97.3235
777,96.0049
778,94.3971
779,92.9020
780,91.6127
781,90.1667
782,88.9608
783,87.4853
784,86.3922
785,85.0980
786,83.9755
787,83.2059
788,82.4314
789,81.6961
790,80.8922
791,80.0882
792,79.5245
793,79.1667
794,78.4902
795,77.9510
796,77.1029
797,76.9461
798,76.1373
799,75.8971
800,75.4412
801,74.9510
802,74.7059
803,74.5294
804,73.9559
805,73.7549
806,73.3284
807,73.1226
808,73.0196
809,72.6618
810,72.4412
811,72.1226
812,71.7745
813,71.6422
814,71.2353
815,70.8873
816,70.5882
817,70.0980
818,69.5784
819,69.3088
820,69.0245
821,68.4265
822,68.2353
823,67.7353
824,67.4069
825,66.8578
826,66.3039
827,65.7010
828,65.3578
829,64.8774
830,64.4216
831,63.7500
832,63.3039
833,62.8971
834,62.4069
835,61.8676
836,61.4216
837,60.7353
838,60.2500
839,59.8627
840,59.3431
841,58.7696
842,58.1814
843,57.7353
844,57.2843
845,56.8235
846,56.3676
847,55.8529
848,55.1814
849,55.0686
850,54.2353
851,53.8676
852,53.7402
853,53.1275
854,52.5686
855,52.3039
856,51.8333
857,51.5735
858,51.2598
859,50.9461
860,50.6373
861,49.9608
862,49.6569
863,49.4951
864,49.0686
865,48.6716
866,48.5490
867,48.3873
868,47.9706
869,47.7941
870,47.2304
871,47.1422
872,46.6078
873,46.2696
874,46.3775
875,46.4265
876,46.3333
877,46.2157
878,45.8333
879,46.0882
880,46.0147
881,46.2304
882,46.0441
883,46.0098
884,45.9657
885,46.0784
886,46.1765
887,46.2500
888,46.3725
889,46.6422
890,46.8775
891,46.5980
892,47.0147
893,47.1912
894,47.6275
895,47.7451
896,47.8725
897,48.1618
898,48.3922
899,48.5490
900,48.9755
901,49.2255
902,49.2010
903,49.4118
904,50.1324
905,50.4706
906,50.9167
907,51.1275
908,51.2402
909,51.4412
910,52.0196
911,52.4804
912,52.7696
913,53.3186
914,53.5294
915,53.9755
916,54.3284
917,54.4167
918,54.8578
919,55.0147
920,55.7255
921,56.3676
922,56.6176
923,57.1569
924,57.6225
925,58.1078
926,58.5686
927,59.1667
928,59.6029
929,60.1961
930,60.7745
931,61.1716
932,61.5588
933,61.9804
934,62.6667
935,63.1324
936,63.5392
937,64.1618
938,64.6127
939,64.9216
940,65.4510
941,66.1176
942,66.2745
943,66.8333
944,67.1863
945,67.5441
946,67.9608
947,68.1765
948,68.8627
949,69.0392
950,69.3824
951,69.8382
952,70.1274
953,70.5098
954,70.6226
955,70.9265
956,71.3922
957,71.6961
958,72.0735
959,72.2941
960,72.7745
961,73.0833
962,73.7990
963,74.2353
964,75.0637
965,75.6471
966,76.0686
967,76.9363
968,77.7794
969,78.5392
970,79.6078
971,80.4608
972,81.5882
973,83.1078
974,84.2500
975,85.4216
976,86.7843
977,88.3039
978,89.8137
979,91.1520
980,92.9902
981,94.2941
982,95.9657
983,97.5686
984,99.0637
985,100.6912
986,101.6520
987,103.0147
988,104.0637
989,105.2451
990,106.1814
991,106.9755
992,107.6422
993,107.8873
994,108.4951
995,108.3971
996,108.2549
997,108.0490
998,107.3627
999,106.6765
1000,105.8676
1001,104.8186
1002,103.5588
1003,101.9363
1004,100.7010
1005,99.9265
1006,98.1422
1007,96.4412
1008,94.8088
1009,93.3284
1010,91.7500
1011,90.1226
1012,88.7990
1013,87.8529
1014,86.5882
1015,85.4755
1016,84.3578
1017,83.4118
1018,82.4265
1019,81.7304
1020,81.0196
1021,80.3529
1022,79.6029
1023,78.7255
1024,78.1569
1025,77.6912
1026,77.2451
1027,76.8382
1028,76.3578
1029,75.7892
1030,75.4853
1031,74.8922
1032,74.7108
1033,74.5000
1034,74.2598
1035,73.7843
1036,73.7794
1037,73.2892
1038,72.8578
1039,72.9314
1040,72.3480
1041,72.1078
1042,71.7745
1043,71.5588
1044,71.3382
1045,71.1324
1046,70.7402
1047,70.2500
1048,69.9804
1049,69.5392
1050,69.3088
1051,68.7696
1052,68.5049
1053,68.0931
1054,67.5245
1055,66.9167
1056,66.4412
1057,65.8578
1058,65.2598
1059,64.8726
1060,64.5882
1061,63.8235
1062,63.2647
1063,63.0343
1064,62.1667
1065,62.0098
1066,61.4118
1067,60.9118
1068,60.4069
1069,59.8775
1070,59.5441
1071,58.9461
1072,58.3824
1073,57.8088
1074,57.2304
1075,56.7108
1076,56.4853
1077,56.0490
1078,55.5686
1079,55.2892
1080,54.6765
1081,53.9216
1082,53.6716
1083,53.3431
1084,53.0686
1085,52.6176
1086,52.0196
1087,51.6275
1088,51.4657
1089,51.3382
1090,51.0098
1091,50.5196
1092,50.1716
1093,50.0147
1094,50.0980
1095,49.5490
1096,49.2500
1097,49.1765
1098,48.8333
1099,48.5980
1100,48.3824
1101,47.9069
1102,47.9902
1103,47.6127
1104,47.5980
1105,47.3186
1106,47.3235
1107,47.0686
1108,47.0735
1109,46.9461
1110,46.8137
1111,46.7206
1112,46.6520
1113,46.8088
1114,46.5735
1115,46.9706
1116,46.6912
1117,46.7206
1118,47.0784
1119,47.2990
1120,47.2549
1121,47.2402
1122,47.4412
1123,47.5147
1124,47.5588
1125,47.8186
1126,48.1324
1127,48.1029
1128,48.6667
1129,48.8529
1130,48.6961
1131,48.9314
1132,49.4657
1133,49.9461
1134,49.6863
1135,50.2304
1136,50.7500
1137,50.8186
1138,51.2402
1139,51.5049
1140,52.0098
1141,52.1716
1142,52.5637
1143,52.9559
1144,53.2990
1145,53.6275
1146,54.2843
1147,54.3039
1148,54.9412
1149,55.1912
1150,55.7647
1151,56.0098
1152,56.2941
1153,56.7892
1154,57.1225
1155,57.5147
1156,58.1520
1157,58.5784
1158,58.8676
1159,59.6127
1160,60.1078
1161,60.5882
1162,61.0833
1163,61.3382
1164,61.7794
1165,62.5098
1166,62.9706
1167,63.4608
1168,64.1765
1169,64.5392
1170,64.9559
1171,65.3088
1172,65.7941
1173,66.2059
1174,66.3333
1175,66.8480
1176,67.4951
1177,68.1373
1178,68.4804
1179,68.7304
1180,69.2157
1181,69.6373
1182,69.8480
1183,70.4118
1184,70.8284
1185,71.1520
1186,71.2500
1187,71.6029
1188,71.8480
1189,72.2598
1190,72.6324
1191,72.9755
1192,73.2451
1193,73.6422
1194,74.0588
1195,74.5931
1196,75.4265
1197,75.8333
1198,76.5294
1199,77.1422
1200,78.1471
1201,79.0490
1202,80.0196
1203,80.9804
1204,82.2255
1205,83.4363
1206,84.4902
1207,85.6618
1208,87.3333
1209,88.6765
1210,90.2745
1211,91.5539
1212,93.3480
1213,94.9559
1214,96.5784
1215,98.3137
1216,99.5490
1217,101.3578
1218,102.6765
1219,104.3039
1220,105.8235
1221,106.9216
1222,108.0637
1223,108.9951
1224,109.3971
1225,110.1127
1226,110.6127
1227,110.8186
1228,111.0294
1229,110.4314
1230,109.9020
1231,109.4951
1232,108.5245
1233,107.4510
1234,106.3774
1235,105.2059
1236,103.7304
1237,102.3824
1238,100.8382
1239,99.1716
1240,97.4510
1241,96.1373
1242,94.5833
1243,92.8088
1244,91.4657
1245,90.0245
1246,88.4608
1247,87.3971
1248,86.2402
1249,85.0980
1250,84.2941
1251,83.2255
1252,82.3480
1253,81.3284
1254,80.7353
1255,80.0000
1256,79.3726
1257,78.6961
1258,78.3235
1259,77.6961
1260,77.0441
1261,76.6765
1262,76.0196
1263,75.7647
1264,75.3333
1265,75.1274
1266,74.6863
1267,74.4167
1268,73.8431
1269,73.6422
1270,73.3088
1271,73.2745
1272,72.9804
1273,72.6029
1274,72.4167
1275,72.0196
1276,71.7647
1277,71.4510
1278,71.1716
1279,71.0098
1280,70.4706
1281,70.0833
1282,69.7108
1283,69.2108
1284,68.9510
1285,68.3480
1286,67.9461
1287,67.4265
1288,67.3186
1289,66.7010
1290,66.0441
1291,65.5490
1292,65.0686
1293,64.6422
1294,64.0833
1295,63.4412
1296,62.8578
1297,62.6569
1298,61.9216
1299,61.4216
1300,61.0490
1301,60.4951
1302,59.7157
1303,59.4314
1304,58.9412
1305,58.6324
1306,57.9216
1307,57.6078
1308,57.0833
1309,56.5441
1310,56.4412
1311,55.8431
1312,55.4755
1313,55.1275
1314,54.5882
1315,54.3284
1316,53.8039
1317,53.4755
1318,52.9314
1319,52.7892
1320,52.1422
1321,51.9461
1322,51.3824
1323,51.2451
1324,50.8382
1325,50.4069
1326,50.1765
1327,49.5931
1328,49.4069
1329,48.9216
1330,48.7549
1331,48.4167
1332,48.4559
1333,48.2892
1334,47.8284
1335,47.8824
1336,48.0637
1337,47.6275
1338,47.6373
1339,47.5980
1340,48.0441
1341,47.8186
1342,47.5098
1343,47.1373
1344,46.9755
1345,46.9608
1346,47.2500
1347,46.7108
1348,46.5833
1349,46.5343
1350,46.9559
1351,47.0686
1352,46.9118
1353,47.0735
1354,47.4314
1355,47.5294
1356,47.5735
1357,47.6667
1358,47.7059
1359,47.9461
1360,48.0882
1361,48.1127
1362,48.2892
1363,48.5049
1364,48.6225
1365,48.9363
1366,49.3186
1367,49.2206
1368,49.4657
1369,49.9216
1370,50.0784
1371,50.3529
1372,50.5098
1373,50.9657
1374,51.3725
1375,51.3382
1376,51.6373
1377,52.0735
1378,52.4608
1379,52.8775
1380,53.4559
1381,53.6225
1382,54.0490
1383,54.2549
1384,54.7353
1385,54.9020
1386,55.4608
1387,56.0000
1388,56.4755
1389,56.8088
1390,57.1667
1391,57.6667
1392,58.2794
1393,58.7745
1394,59.2843
1395,59.6520
1396,60.1275
1397,60.7451
1398,61.1520
1399,61.7647
1400,62.3186
1401,62.7745
1402,63.3039
1403,63.9461
1404,64.3922
1405,64.6961
1406,65.3039
1407,65.8578
1408,66.3039
1409,66.9167
1410,67.2255
1411,67.6765
1412,68.0980
1413,68.5245
1414,69.1471
1415,69.5490
1416,69.8333
1417,70.0980
1418,70.6226
1419,70.9069
1420,71.1274
1421,71.3726
1422,71.7206
1423,72.2892
1424,72.2990
1425,72.8088
1426,73.1569
1427,73.3382
1428,73.8137
1429,74.1274
1430,74.7353
1431,75.4118
1432,75.9853
1433,76.4020
1434,77.2941
1435,78.0392
1436,78.9755
1437,79.8333
1438,80.9167
1439,81.7843
1440,83.2059
1441,84.4069
1442,85.6912
1443,87.1814
1444,88.6814
1445,90.2696
1446,91.7941
1447,93.3431
1448,94.9510
1449,96.6274
1450,98.3676
1451,99.9657
1452,101.9608
1453,103.3284
1454,104.7647
1455,106.0441
1456,107.4657
1457,108.8627
1458,109.7500
1459,110.6912
1460,111.3676
1461,112.1324
1462,112.6765
1463,112.7843
1464,112.7010
1465,112.4118
1466,111.7647
1467,111.2010
1468,110.5049
1469,109.4755
1470,108.1961
1471,107.2451
1472,105.5392
1473,103.8971
1474,102.2059
1475,100.4363
1476,98.5245
1477,96.9853
1478,95.3774
1479,93.5686
1480,92.0392
1481,90.6274
1482,89.2500
1483,88.2255
1484,86.9755
1485,85.6863
1486,84.7794
1487,83.9363
1488,83.1765
1489,82.2010
1490,81.5147
1491,81.0686
1492,80.5441
1493,79.7010
1494,79.2794
1495,78.7598
1496,78.1520
1497,77.7157
1498,77.2010
1499,76.6716
1500,76.2696
1501,75.9902
1502,75.5833
1503,75.2500
1504,74.9363
1505,74.7353
1506,74.5245
1507,74.1667
1508,73.9951
1509,73.7255
1510,73.4167
1511,73.0049
1512,72.8431
1513,72.3137
1514,71.9657
1515,71.5686
1516,71.4804
1517,70.9167
1518,70.5294
1519,70.1765
1520,69.6029
1521,69.2059
1522,68.7598
1523,68.2206
1524,67.8627
1525,67.3480
1526,66.7402
1527,66.2843
1528,65.7696
1529,65.7059
1530,64.7010
1531,64.4020
1532,63.9265
1533,63.0931
1534,62.8971
1535,61.9363
1536,61.5784
1537,61.2598
1538,60.8039
1539,60.0980
1540,59.4755
1541,59.0637
1542,58.7598
1543,58.1324
1544,57.3971
1545,57.0539
1546,56.6029
1547,56.1127
1548,55.9412
1549,55.3039
1550,54.7353
1551,54.3725
1552,53.8186
1553,53.5294
1554,53.1078
1555,52.5441
1556,52.3775
1557,51.9118
1558,51.2892
1559,51.0980
1560,50.8971
1561,50.5049
1562,50.4461
1563,49.9314
1564,49.6569
1565,49.2598
1566,48.9951
1567,48.7990
1568,48.4412
1569,48.2794
1570,47.9020
1571,47.9020
1572,47.7255
1573,47.2941
1574,47.5588
1575,47.2500
1576,47.2157
1577,47.1814
1578,46.8627
1579,47.0147
1580,46.8431
1581,46.5637
1582,46.8382
1583,46.6618
1584,46.5882
1585,46.5490
1586,46.5882
1587,46.4902
1588,46.6324
1589,46.7157
1590,46.5490
1591,46.7990
1592,47.0833
1593,47.0147
1594,47.0196
1595,47.3186
1596,47.5049
1597,47.4118
1598,47.7304
1599,47.9902
1600,48.1422
1601,48.0931
1602,48.2402
1603,48.4265
1604,48.7108
1605,49.1324
1606,49.3578
1607,49.5882
1608,49.7059
1609,50.1324
1610,50.3284
1611,50.7598
1612,51.0049
1613,51.2990
1614,51.4314
1615,51.7108
1616,52.2892
1617,52.6520
1618,52.8480
1619,53.1225
1620,53.4853
1621,54.1422
1622,54.3775
1623,54.8971
1624,55.3824
1625,55.7745
1626,56.0931
1627,56.5980
1628,56.9216
1629,57.5147
1630,58.0441
1631,58.5343
1632,58.9510
1633,59.6863
1634,60.2059
1635,60.7892
1636,61.1176
1637,61.8529
1638,62.3824
1639,62.8971
1640,63.4951
1641,64.0294
1642,64.5441
1643,64.9804
1644,65.5343
1645,65.9608
1646,66.5588
1647,67.2206
1648,67.6226
1649,68.3284
1650,68.6961
1651,69.0931
1652,69.4265
1653,69.9461
1654,70.2696
1655,70.6373
1656,70.9167
1657,71.2108
1658,71.7108
1659,72.0147
1660,72.4951
1661,72.7108
1662,72.9461
1663,73.3922
1664,73.6765
1665,73.9118
1666,74.5196
1667,74.9510
1668,75.4608
1669,75.6912
1670,76.3529
1671,76.9069
1672,77.5686
1673,78.3726
1674,79.2010
1675,80.1471
1676,81.0294
1677,82.2549
1678,83.2157
1679,84.5098
1680,85.7794
1681,87.1274
1682,88.6618
1683,90.1226
1684,91.8235
1685,93.2304
1686,95.1765
1687,96.6667
1688,98.4608
1689,100.0833
1690,101.5539
1691,103.1078
1692,105.1078
1693,106.7353
1694,108.0343
1695,109.3186
1696,110.8873
1697,112.1471
1698,113.0196
1699,114.0294
1700,114.4412
1701,114.9755
1702,115.1618
1703,115.2206
1704,115.0980
1705,114.7794
1706,113.8186
1707,112.9755
1708,112.3774
1709,110.7990
1710,109.4265
1711,107.7500
1712,106.4167
1713,104.8235
1714,103.1422
1715,101.4608
1716,99.5882
1717,98.0245
1718,96.3382
1719,94.5441
1720,93.2794
1721,92.0490
1722,90.4559
1723,89.2059
1724,88.0294
1725,87.0686
1726,86.2647
1727,84.9657
1728,83.9755
1729,83.3774
1730,82.6814
1731,82.0637
1732,81.3284
1733,80.6569
1734,80.1618
1735,79.3774
1736,78.8088
1737,78.2304
1738,78.0245
1739,77.7500
1740,77.4118
1741,76.9706
1742,76.3824
1743,76.2745
1744,75.8333
1745,75.3627
1746,75.3284
1747,74.8088
1748,74.6176
1749,74.2598
1750,74.0980
1751,73.7108
1752,73.1765
1753,73.0882
1754,72.5833
1755,72.1176
1756,71.7843
1757,71.4510
1758,71.0196
1759,70.6127
1760,69.9755
1761,69.6961
1762,69.1520
1763,68.5637
1764,67.9657
1765,67.5441
1766,67.1520
1767,66.5931
1768,65.9951
1769,65.5196
1770,64.8088
1771,64.3774
1772,63.6814
1773,63.1716
1774,62.6765
1775,62.3431
1776,61.3627
1777,60.6912
1778,60.5931
1779,59.6618
1780,59.1176
1781,58.9167
1782,58.3382
1783,57.6225
1784,57.2500
1785,56.6716
1786,56.1471
1787,55.7794
1788,55.4902
1789,54.7892
1790,54.5245
1791,53.9706
1792,53.5490
1793,53.4020
1794,52.8922
1795,52.3971
1796,51.7255
1797,51.6618
1798,51.2990
1799,51.0637
1800,50.6716
1801,50.3431
1802,49.8382
1803,49.6814
1804,49.3578
1805,48.7353
1806,48.6127
1807,48.1078
1808,48.1127
1809,47.5931
1810,47.4167
1811,47.4608
1812,46.8529
1813,46.6225
1814,46.5294
1815,46.0539
1816,46.1176
1817,45.8039
1818,45.7500
1819,45.5147
1820,45.4314
1821,45.5049
1822,45.3922
1823,45.2206
1824,45.0588
1825,45.3775
1826,45.2500
1827,45.5784
1828,45.5980
1829,45.2549
1830,45.4608
1831,45.5490
1832,45.6127
1833,46.1373
1834,46.2598
1835,46.2157
1836,46.3480
1837,46.5392
1838,46.8824
1839,46.9951
1840,47.2549
1841,47.5049
1842,47.8137
1843,47.9363
1844,48.2794
1845,48.2892
1846,48.7794
1847,49.0735
1848,49.3725
1849,49.5490
1850,49.9020
1851,50.3725
1852,50.7255
1853,50.9902
1854,51.5735
1855,51.7647
1856,52.3382
1857,52.5637
1858,53.2549
1859,53.6667
1860,53.8627
1861,54.4706
1862,54.8725
1863,55.3873
1864,55.6716
1865,56.2990
1866,56.6961
1867,56.8873
1868,57.5049
1869,57.8578
1870,58.2500
1871,58.9363
1872,59.4559
1873,59.8824
1874,60.3676
1875,61.0441
1876,61.6324
1877,62.2745
1878,62.8775
1879,63.1961
1880,63.9216
1881,64.2745
1882,64.9510
1883,65.4314
1884,66.0980
1885,66.7745
1886,67.4706
1887,67.7549
1888,68.3824
1889,68.9510
1890,69.3333
1891,69.6961
1892,70.4265
1893,70.7990
1894,71.2206
1895,71.6176
1896,72.0147
1897,72.2451
1898,72.4853
1899,72.9951
1900,73.4363
1901,73.6618
1902,74.0441
1903,74.2549
1904,74.4412
1905,74.9608
1906,75.4069
1907,75.8137
1908,76.2647
1909,76.5539
1910,76.8676
1911,77.4118
1912,77.8480
1913,78.3333
1914,79.0245
1915,80.1961
1916,80.6716
1917,81.6618
1918,82.6373
1919,83.7059
1920,84.5931
1921,85.7647
1922,86.9853
1923,88.2892
1924,89.7500
1925,91.3676
1926,93.2745
1927,94.8676
1928,96.4706
1929,98.1520
1930,100.0686
1931,101.5735
1932,103.2157
1933,104.9265
1934,106.5539
1935,107.9657
1936,109.5882
1937,111.0490
1938,112.4314
1939,113.7402
1940,115.0833
1941,115.6324
1942,116.3627
1943,117.0637
1944,117.4118
1945,117.5441
1946,117.4363
1947,116.9804
1948,116.6324
1949,116.0980
1950,115.4363
1951,114.2059
1952,113.0196
1953,111.5049
1954,110.0735
1955,108.4608
1956,106.6176
1957,105.1274
1958,103.2647
1959,101.6618
1960,99.6569
1961,98.1667
1962,96.3726
1963,94.7353
1964,93.2696
1965,91.7696
1966,90.2451
1967,89.0637
1968,88.1373
1969,86.8971
1970,86.0343
1971,85.3627
1972,84.4216
1973,83.5980
1974,83.0392
1975,82.3284
1976,82.0000
1977,81.2451
1978,80.4755
1979,80.1226
1980,79.6569
1981,79.3088
1982,78.6667
1983,78.5686
1984,78.3186
1985,77.8186
1986,77.3333
1987,77.0098
1988,76.7745
1989,76.4804
1990,76.1961
1991,76.0784
1992,75.8137
1993,75.4510
1994,74.8873
1995,74.6863
1996,74.5147
1997,74.0147
1998,73.5980
1999,72.9314
2000,72.7255
2001,72.1373
2002,71.6324
2003,71.2549
2004,70.5980
2005,70.3137
2006,69.7549
2007,69.2941
2008,68.7304
2009,68.2304
2010,67.4461
2011,66.8627
2012,66.4510
2013,65.9706
2014,65.2892
2015,64.6814
2016,64.2353
2017,63.4510
2018,63.1471
2019,62.7206
2020,61.9755
2021,61.4265
2022,61.0588
2023,60.3382
2024,59.7990
2025,59.2941
2026,58.8284
2027,58.3627
2028,57.7892
2029,57.3333
2030,56.7647
2031,56.4265
2032,55.9461
2033,55.5294
2034,55.1569
2035,54.6471
2036,54.1520
2037,53.5637
2038,53.3480
2039,53.0441
2040,52.9951
2041,52.1618
2042,52.0686
2043,51.7353
2044,51.2353
2045,51.0294
2046,50.6176
2047,50.2598
2048,49.9069
2049,49.4608
2050,49.4314
2051,49.1422
2052,48.9167
2053,48.7304
2054,48.4363
2055,48.2010
2056,47.9853
2057,47.5441
2058,47.3333
2059,47.0196
2060,47.0882
2061,47.1225
2062,46.7010
2063,46.7892
2064,46.5343
2065,46.4706
2066,46.5686
2067,46.2402
2068,46.5196
2069,46.3039
2070,46.3971
2071,46.2304
2072,46.2745
2073,46.3235
2074,46.4559
2075,46.6961
2076,46.4804
2077,46.7990
2078,46.5931
2079,46.5686
2080,46.8284
2081,46.8333
2082,46.9559
2083,47.1667
2084,47.3382
2085,47.5784
2086,47.8284
2087,48.0735
2088,48.5490
2089,48.8088
2090,48.9804
2091,49.3922
2092,49.7255
2093,49.7402
2094,50.0196
2095,50.5588
2096,50.7843
2097,51.0784
2098,51.5147
2099,51.8775
2100,52.2304
2101,52.4755
2102,53.1029
2103,53.4167
2104,53.8186
2105,54.2402
2106,54.6176
2107,55.0588
2108,55.6765
2109,56.2843
2110,56.7843
2111,57.2353
2112,57.6520
2113,58.2157
2114,58.6127
2115,59.1667
2116,59.7647
2117,60.4363
2118,60.8725
2119,61.3039
2120,61.8922
2121,62.4069
2122,63.0686
2123,63.8186
2124,64.4069
2125,65.0686
2126,65.5784
2127,66.0686
2128,66.5980
2129,67.3186
2130,67.8627
2131,68.4510
2132,68.9951
2133,69.5098
2134,70.1471
2135,70.4755
2136,70.8529
2137,71.4363
2138,72.2108
2139,72.3284
2140,72.8088
2141,73.0980
2142,73.4461
2143,73.8382
2144,74.2941
2145,74.8235
2146,75.1127
2147,75.2010
2148,75.7157
2149,75.9608
2150,76.3726
2151,76.3235
2152,76.9559
2153,77.0539
2154,77.5245
2155,78.0637
2156,78.4657
2157,78.9902
2158,79.4559
2159,80.0882
2160,80.7500
2161,81.5294
2162,82.1961
2163,82.8529
2164,83.9265
2165,85.1127
2166,86.2598
2167,87.4657
2168,88.8431
2169,90.1814
2170,91.4706
2171,93.1029
2172,94.8774
2173,96.4363
2174,97.9069
2175,99.5441
2176,101.2549
2177,102.7990
2178,104.5735
2179,106.3824
2180,107.9461
2181,109.8726
2182,111.0294
2183,112.3627
2184,113.9314
2185,114.6912
2186,115.7990
2187,116.7696
2188,117.4951
2189,118.5294
2190,118.6520
2191,119.1078
2192,118.6863
2193,118.6520
2194,117.9951
2195,117.3431
2196,116.4461
2197,115.5098
2198,114.3186
2199,112.6226
2200,111.3333
2201,109.6422
2202,108.0735
2203,106.0294
2204,104.3039
2205,102.4363
2206,100.5343
2207,98.7990
2208,97.0441
2209,95.3235
2210,93.8726
2211,92.2402
2212,91.0196
2213,89.7990
2214,88.7696
2215,87.8873
2216,86.6274
2217,85.7549
2218,84.6274
2219,83.9510
2220,83.3235
2221,82.5490
2222,81.9755
2223,81.4853
2224,81.0882
2225,80.6912
2226,79.8088
2227,79.7108
2228,78.9314
2229,78.5294
2230,78.1078
2231,77.8284
2232,77.7010
2233,77.2402
2234,77.2451
2235,76.6569
2236,76.5588
2237,76.2696
2238,75.7647
2239,75.6912
2240,75.3284
2241,75.2010
2242,74.8088
2243,74.3578
2244,73.8333
2245,73.5343
2246,73.1618
2247,72.7353
2248,72.1422
2249,71.5931
2250,71.1716
2251,70.6716
2252,70.2108
2253,69.6373
2254,69.1324
2255,68.5637
2256,68.1569
2257,67.3186
2258,66.7745
2259,66.3873
2260,65.6274
2261,65.1127
2262,64.4461
2263,63.9510
2264,63.3971
2265,62.8284
2266,62.4020
2267,61.9118
2268,61.2598
2269,60.7108
2270,60.2157
2271,59.5392
2272,59.1127
2273,58.6078
2274,58.0735
2275,57.4412
2276,56.9804
2277,56.5245
2278,56.2598
2279,55.3873
2280,55.1863
2281,54.6667
2282,54.1127
2283,53.6324
2284,53.4412
2285,52.6814
2286,52.5637
2287,52.3431
2288,51.5637
2289,51.4559
2290,51.1029
2291,50.9559
2292,50.2843
2293,50.1961
2294,49.9559
2295,49.6324
2296,49.4363
2297,49.1176
2298,48.9412
2299,48.4069
2300,48.2745
2301,48.2843
2302,47.7402
2303,47.6667
2304,47.3382
2305,47.0833
2306,46.8873
2307,46.7059
2308,46.4657
2309,46.2892
2310,46.1814
2311,46.2059
2312,46.0735
2313,45.9510
2314,45.9608
2315,45.6569
2316,45.6176
2317,45.4706
2318,45.6078
2319,45.4706
2320,45.5098
2321,45.6618
2322,45.4755
2323,45.7255
2324,45.5392
2325,46.0637
2326,46.0980
2327,46.1029
2328,46.2990
2329,46.6569
2330,46.8529
2331,47.0980
2332,47.3824
2333,47.8039
2334,47.7500
2335,48.0490
2336,48.4363
2337,48.4804
2338,48.8578
2339,48.9657
2340,49.4167
2341,49.7059
2342,50.0833
2343,50.3382
2344,50.5441
2345,50.9804
2346,51.3922
2347,51.8627
2348,52.1225
2349,52.5196
2350,52.9657
2351,53.3725
2352,53.9265
2353,54.2549
2354,54.5637
2355,55.3137
2356,55.3333
2357,56.1814
2358,56.8088
2359,57.1324
2360,57.4706
2361,58.2794
2362,58.8088
2363,59.4461
2364,59.8431
2365,60.6029
2366,61.2255
2367,61.7598
2368,62.4510
2369,63.1324
2370,63.5686
2371,64.2598
2372,65.0882
2373,65.6618
2374,66.1324
2375,66.8774
2376,67.4657
2377,68.1912
2378,68.7745
2379,69.2647
2380,69.9804
2381,70.6618
2382,71.2108
2383,71.6274
2384,72.1078
2385,72.4902
2386,72.8627
2387,73.3922
2388,74.0441
2389,74.4804
2390,74.6814
2391,75.0196
2392,75.5245
2393,75.7206
2394,76.1471
2395,76.4657
2396,76.7990
2397,77.1863
2398,77.3824
2399,77.6863
2400,77.9461
2401,78.5147
2402,78.7892
2403,79.1765
2404,79.3922
2405,79.9902
2406,80.3774
2407,80.9559
2408,81.6078
2409,82.5343
2410,83.2157
2411,83.8726
2412,84.5147
2413,85.5735
2414,86.5735
2415,87.7451
2416,88.9216
2417,90.0882
2418,91.2010
2419,92.6274
2420,94.1569
2421,95.5980
2422,97.0588
2423,98.9265
2424,100.2549
2425,101.8578
2426,103.5833
2427,105.6520
2428,107.0147
2429,108.6814
2430,110.3137
2431,111.9804
2432,113.3137
2433,114.7206
2434,115.9363
2435,117.2059
2436,118.2108
2437,119.0980
2438,119.6324
2439,120.5784
2440,120.8824
2441,120.9951
2442,121.0245
2443,120.6078
2444,120.0343
2445,119.6324
2446,118.7990
2447,117.4314
2448,116.6422
2449,115.3186
2450,113.8824
2451,111.9363
2452,110.3873
2453,108.5735
2454,106.4069
2455,104.6373
2456,102.9559
2457,101.0098
2458,99.1078
2459,97.6520
2460,95.8039
2461,94.0441
2462,92.5637
2463,91.1716
2464,89.9902
2465,88.8578
2466,87.8382
2467,86.9853
2468,85.9853
2469,84.9755
2470,84.2843
2471,83.8382
2472,83.1814
2473,82.4167
2474,81.9363
2475,81.4216
2476,80.8873
2477,80.5000
2478,79.8824
2479,79.5147
2480,79.3726
2481,78.9020
2482,78.6127
2483,78.5441
2484,78.1127
2485,77.5539
2486,77.2108
2487,77.1422
2488,76.7549
2489,76.5294
2490,76.3284
2491,76.0539
2492,75.4363
2493,75.2696
2494,75.2304
2495,74.8088
2496,74.1765
2497,73.7647
2498,73.1912
2499,73.0196
2500,72.2500
2501,71.8431
2502,71.3284
2503,70.8431
2504,70.2402
2505,69.5343
2506,68.9167
2507,68.6176
2508,67.6618
2509,67.1618
2510,66.8235
2511,66.1814
2512,65.5588
2513,65.0000
2514,64.7157
2515,63.9510
2516,63.5931
2517,62.8333
2518,62.1225
2519,61.5637
2520,61.2010
2521,60.7451
2522,59.8725
2523,59.5098
2524,58.9412
2525,58.3627
2526,57.8627
2527,57.3725
2528,57.0441
2529,56.4118
2530,56.0147
2531,55.4265
2532,55.0000
2533,54.5833
2534,54.1078
2535,53.7108
2536,53.2696
2537,52.9069
2538,52.2843
2539,52.0147
2540,51.7206
2541,51.3578
2542,50.9559
2543,50.6667
2544,50.1569
2545,50.2010
2546,49.5245
2547,49.4069
2548,49.2451
2549,49.0931
2550,48.5441
2551,48.2990
2552,48.1078
2553,47.8676
2554,47.5588
2555,47.4951
2556,47.1471
2557,47.1029
2558,46.6078
2559,46.4657
2560,46.4020
2561,45.9510
2562,45.9510
2563,45.7696
2564,45.8431
2565,45.7304
2566,45.6520
2567,45.5735
2568,45.5441
2569,45.5245
2570,45.1324
2571,45.3284
2572,45.4216
2573,45.3922
2574,45.6373
2575,45.7696
2576,45.4755
2577,45.7843
2578,46.0735
2579,46.0196
2580,46.3725
2581,46.6765
2582,46.7500
2583,47.1078
2584,47.4314
2585,47.8039
2586,47.8186
2587,47.9853
2588,48.3284
2589,48.8284
2590,48.8480
2591,49.2108
2592,49.8137
2593,50.0049
2594,49.9755
2595,50.4706
2596,50.9755
2597,51.3873
2598,51.6078
2599,51.8529
2600,52.5735
2601,53.0980
2602,53.4118
2603,53.8284
2604,54.1324
2605,54.5000
2606,55.1029
2607,55.6373
2608,56.1569
2609,56.9069
2610,57.2108
2611,57.4951
2612,57.9706
2613,58.8284
2614,59.3480
2615,60.0098
2616,60.3431
2617,61.1471
2618,61.7500
2619,62.5000
2620,63.0784
2621,63.5686
2622,64.2157
2623,64.9020
2624,65.4902
2625,65.9804
2626,67.0833
2627,67.4363
2628,68.3529
2629,68.9363
2630,69.2549
2631,70.0098
2632,70.5245
2633,71.2647
2634,72.0196
2635,72.4069
2636,72.8039
2637,73.5784
2638,73.9951
2639,74.3922
2640,74.8088
2641,75.2598
2642,75.8676
2643,76.0833
2644,76.6520
2645,76.8676
2646,77.2402
2647,77.5735
2648,77.7990
2649,78.4167
2650,78.9706
2651,79.0539
2652,79.2206
2653,79.5294
2654,79.7794
2655,80.1520
2656,80.2598
2657,80.7010
2658,81.0147
2659,81.7206
2660,82.2304
2661,82.9020
2662,83.3186
2663,83.8726
2664,84.4461
2665,85.0441
2666,85.8726
2667,86.6912
2668,87.7500
2669,88.8382
2670,90.1912
2671,91.3873
2672,92.7010
2673,94.1029
2674,95.3186
2675,96.8627
2676,98.4216
2677,99.9657
2678,101.3480
2679,102.9804
2680,104.4412
2681,106.3480
2682,108.2157
2683,109.7304
2684,111.2892
2685,113.1324
2686,114.3529
2687,115.6814
2688,117.1618
2689,118.0441
2690,119.0637
2691,120.1373
2692,120.5539
2693,121.2941
2694,121.4167
2695,121.8627
2696,121.9314
2697,121.8431
2698,121.3824
2699,121.4216
2700,120.2451
2701,119.3873
2702,118.2696
2703,116.9363
2704,115.3284
2705,113.6373
2706,111.5980
2707,110.0098
2708,108.2255
2709,105.8971
2710,104.3480
2711,102.2794
2712,100.1520
2713,98.5392
2714,96.7941
2715,95.4069
2716,93.8382
2717,92.3088
2718,91.1029
2719,89.9559
2720,88.7892
2721,87.8431
2722,86.8971
2723,86.4265
2724,85.5343
2725,84.5539
2726,83.9608
2727,83.3824
2728,82.6863
2729,82.1520
2730,81.6422
2731,81.0882
2732,80.5294
2733,80.2549
2734,79.6912
2735,79.4412
2736,78.9020
2737,78.5098
2738,78.3235
2739,77.9510
2740,77.4216
2741,77.2402
2742,76.8235
2743,76.4020
2744,76.2598
2745,75.9657
2746,75.5980
2747,75.2941
2748,75.0000
2749,74.7010
2750,74.5049
2751,74.1324
2752,73.4363
2753,73.0000
2754,72.4755
2755,72.1029
2756,71.5588
2757,71.0833
2758,70.5588
2759,70.1716
2760,69.4167
2761,68.8480
2762,68.1274
2763,67.6863
2764,67.2647
2765,66.4559
2766,65.9755
2767,65.4118
2768,64.8382
2769,64.4363
2770,63.5931
2771,63.1520
2772,62.7745
2773,62.1863
2774,61.4804
2775,60.8676
2776,60.3039
2777,60.0098
2778,59.1078
2779,59.1520
2780,58.3088
2781,58.1373
2782,57.5049
2783,57.1029
2784,56.7206
2785,56.4755
2786,55.7892
2787,55.5294
2788,55.0392
2789,54.6912
2790,54.1275
2791,53.9510
2792,53.5196
2793,53.1618
2794,52.7451
2795,52.2402
2796,51.7304
2797,51.0588
2798,50.7157
2799,50.6176
2800,49.9706
2801,49.4657
2802,49.1422
2803,48.6520
2804,48.4412
2805,47.9559
2806,47.7843
2807,47.7745
2808,47.6275
2809,47.4314
2810,47.3039
2811,47.0637
2812,46.8529
2813,46.9216
2814,46.7059
2815,46.6275
2816,46.5441
2817,46.1667
2818,45.7843
2819,45.1422
2820,44.5686
2821,44.5931
2822,44.3775
2823,44.1912
2824,44.6373
2825,44.5882
2826,44.7451
2827,45.2500
2828,45.3922
2829,45.6569
2830,45.3382
2831,45.5931
2832,45.5833
2833,45.5490
2834,45.5833
2835,45.8284
2836,45.6422
2837,45.8480
2838,46.4559
2839,46.6078
2840,46.9706
2841,47.3382
2842,47.5000
2843,47.7990
2844,48.1029
2845,47.9314
2846,48.2108
2847,48.7696
2848,49.0000
2849,49.3137
2850,49.8039
2851,49.9951
2852,50.1863
2853,50.7990
2854,51.0833
2855,51.6127
2856,51.9020
2857,52.4510
2858,52.9069
2859,53.2157
2860,53.6961
2861,53.9510
2862,54.3725
2863,55.0539
2864,55.7549
2865,56.3431
2866,56.9167
2867,57.0392
2868,57.5343
2869,58.2892
2870,58.7941
2871,59.3775
2872,59.8627
2873,60.4657
2874,61.3333
2875,61.8088
2876,62.4510
2877,62.9951
2878,63.8039
2879,64.1863
2880,65.0490
2881,65.7010
2882,66.2794
2883,67.0784
2884,67.5980
2885,68.1373
2886,68.6569
2887,69.4706
2888,70.0245
2889,70.8186
2890,71.5196
2891,72.1373
2892,72.5686
2893,73.2941
2894,73.5833
2895,74.3186
2896,74.9657
2897,75.3431
2898,75.5833
2899,76.3971
2900,76.9314
2901,77.0784
2902,77.2108
2903,77.6765
2904,78.0245
2905,78.2892
2906,78.5392
2907,79.5686
2908,79.2108
2909,79.0980
2910,79.4902
2911,79.7206
2912,80.1274
2913,80.4559
2914,80.8578
2915,81.3873
2916,81.2402
2917,81.7353
2918,82.4804
2919,83.0833
2920,83.1863
2921,84.1176
2922,84.6471
2923,85.4363
2924,86.0294
2925,87.0392
2926,87.9902
2927,89.1569
2928,90.4314
2929,91.2549
2930,92.5490
2931,94.1324
2932,95.2892
2933,96.8627
2934,98.2010
2935,99.8039
2936,101.6176
2937,103.0098
2938,104.5490
2939,106.3529
2940,107.5735
2941,109.3039
2942,110.8627
2943,112.5196
2944,113.3824
2945,114.9804
2946,116.0735
2947,117.2500
2948,118.2647
2949,119.3137
2950,120.0637
2951,120.7353
2952,120.9853
2953,121.7157
2954,121.6814
2955,121.5147
2956,121.0784
2957,121.0147
2958,120.4804
2959,119.5784
2960,118.1569
2961,117.2500
2962,115.9069
2963,114.5833
2964,113.2059
2965,111.2794
2966,109.2255
2967,107.7108
2968,105.8578
2969,103.9461
2970,102.3235
2971,100.4657
2972,98.7108
2973,96.9853
2974,95.3186
2975,93.8382
2976,92.2304
2977,91.2500
2978,89.9951
2979,88.6274
2980,87.5539
2981,86.6127
2982,85.5784
2983,84.8235
2984,84.0980
2985,83.5588
2986,83.0490
2987,82.6520
2988,81.9265
2989,81.5588
2990,80.9020
2991,80.3578
2992,80.1324
2993,79.9412
2994,79.5490
2995,79.1569
2996,79.0833
2997,78.7353
2998,78.3186
2999,77.9265
3000,77.9559
3001,77.6274
3002,77.3431
3003,77.1422
3004,76.7941
3005,76.5245
3006,76.1029
3007,75.9167
3008,75.3333
3009,74.9706
3010,74.4853
3011,74.3480
3012,74.0098
3013,73.5980
3014,72.9804
3015,72.6226
3016,72.1961
3017,71.3333
3018,70.9902
3019,70.4461
3020,69.6569
3021,68.9951
3022,68.5000
3023,68.1618
3024,67.3333
3025,66.7010
3026,65.9706
3027,65.3627
3028,64.7402
3029,64.0637
3030,63.6520
3031,62.9069
3032,62.3922
3033,61.9706
3034,61.3824
3035,60.8873
3036,60.1863
3037,59.6275
3038,59.2059
3039,58.9461
3040,58.0637
3041,57.5441
3042,57.0980
3043,56.5931
3044,56.1765
3045,55.6422
3046,55.1373
3047,54.7059
3048,54.1127
3049,53.6961
3050,53.3137
3051,52.8480
3052,52.5392
3053,51.8235
3054,51.5931
3055,51.2108
3056,50.8775
3057,50.5098
3058,50.1520
3059,49.7549
3060,49.7304
3061,49.1422
3062,48.9755
3063,48.7353
3064,48.3480
3065,48.1078
3066,47.6961
3067,47.5098
3068,47.2206
3069,47.0343
3070,46.9412
3071,46.6618
3072,46.0245
3073,45.9755
3074,45.7892
3075,45.7990
3076,45.2157
3077,45.1225
3078,44.9559
3079,44.6029